16.0000 1.5000 -3.1416 1777647861.6847906
16.0000 1.5000 -3.1416 1777647862.9566514
16.0000 1.5000 -3.1416 1777647864.4646153
16.0000 1.5000 -3.1416 1777647866.0725555
15.9989 1.4999 3.1382 1777647866.0954523
15.9986 1.4999 3.1381 1777647867.816349
15.9282 1.4965 3.1322 1777647867.8570044
15.9279 1.4965 3.1323 1777647869.0650623
15.5956 1.4922 3.1181 1777647869.0854526
15.5953 1.4922 3.1180 1777647871.0294354
14.4307 1.4153 -3.0891 1777647871.0465121
14.4302 1.4152 -3.0890 1777647872.708124
13.4941 1.3863 3.0607 1777647872.728542
13.4939 1.3863 3.0607 1777647874.3430705
12.5757 1.4391 3.0724 1777647874.3535962
12.5752 1.4391 3.0723 1777647875.8428826
11.4677 1.4343 -3.0960 1777647875.8698146
11.4675 1.4343 -3.0960 1777647877.090794
10.5724 1.3897 3.1378 1777647877.1004052
10.5721 1.3897 3.1379 1777647878.3626537
9.8677 1.3637 3.1194 1777647878.3749022
9.8673 1.3637 3.1194 1777647879.8598084
9.0453 1.3372 3.1343 1777647879.8882413
9.0450 1.3373 3.1343 1777647881.1047857
7.8598 1.3146 -3.1181 1777647881.1245391
7.8595 1.3146 -3.1181 1777647882.2081523
7.2913 1.2872 3.1286 1777647882.2164598
7.2910 1.2872 3.1286 1777647883.4277806
6.6747 1.2852 3.1018 1777647883.4395247
6.6745 1.2852 3.1019 1777647884.7030625
5.8469 1.2640 3.1132 1777647884.7223918
5.8466 1.2640 3.1132 1777647886.0171916
4.9147 1.2775 3.0790 1777647886.02523
4.9142 1.2775 3.0784 1777647888.0510292
3.6645 1.4384 2.7223 1777647888.0708997
3.6641 1.4386 2.7216 1777647889.7795343
2.9154 1.8376 2.4761 1777647889.79011
2.9148 1.8380 2.4761 1777647891.755423
1.9970 3.2942 1.5750 1777647891.7849772
1.9970 3.2942 1.5750 1777647893.9979565
2.2049 4.9780 1.4303 1777647894.0160003
2.2051 4.9791 1.4302 1777647895.4923387
2.2689 5.6089 1.3912 1777647895.5142922
2.2693 5.6107 1.3901 1777647897.3058474
2.5210 7.0979 1.7129 1777647897.332879
2.5202 7.1037 1.7126 1777647899.0171406
2.1370 8.2854 1.6902 1777647899.0633907
2.1370 8.2856 1.6902 1777647900.9072342
2.0039 10.0325 1.5419 1777647900.9175625
2.0039 10.0328 1.5419 1777647902.3511677
2.0487 11.0919 1.4722 1777647902.4284158
2.0488 11.0930 1.4727 1777647904.5611584
2.0952 11.7796 1.5173 1777647904.5844727
2.0952 11.7805 1.5172 1777647906.5346694
2.1182 13.0878 1.5410 1777647906.55881
2.1182 13.0883 1.5410 1777647908.6114156
2.0117 14.3872 1.7217 1777647908.6413789
2.0117 14.3872 1.7217 1777647910.6699204
1.8072 17.0168 1.5328 1777647910.6938117
1.8073 17.0193 1.5311 1777647912.4066265
1.7327 17.8691 1.7927 1777647912.4477851
1.7327 17.8691 1.7927 1777647914.1106656
1.6363 19.1958 1.5058 1777647914.122679
1.6364 19.1961 1.5058 1777647915.42572
1.6011 20.0146 1.6371 1777647915.4366257
1.6010 20.0150 1.6373 1777647916.5618956
1.5439 20.7414 1.5593 1777647916.5804777
1.5439 20.7414 1.5593 1777647917.7708566
1.4723 21.8956 1.7033 1777647917.7768326
1.4723 21.8956 1.7033 1777647918.933795
1.4437 22.6213 1.5628 1777647918.9431112
1.4437 22.6217 1.5621 1777647920.2114897
1.4315 23.2746 1.5161 1777647920.2325597
1.4315 23.2749 1.5159 1777647921.4527159
1.5503 23.7273 1.0873 1777647921.4730349
1.5515 23.7297 1.0863 1777647922.9138203
2.0969 24.3451 0.5732 1777647922.947169
2.0980 24.3458 0.5736 1777647924.2662523
2.9437 24.7791 0.3110 1777647924.2744288
2.9441 24.7792 0.3109 1777647925.375543
3.8395 24.9105 0.0714 1777647925.4109125
3.8398 24.9105 0.0713 1777647926.4803226
4.4529 24.9624 0.0225 1777647926.5098014
4.4535 24.9624 0.0225 1777647927.6298273
5.0199 24.9932 0.0153 1777647927.6575801
5.0201 24.9932 0.0152 1777647928.8507893
5.8567 25.0168 -0.0276 1777647928.8602715
5.8571 25.0168 -0.0274 1777647930.1002827
6.3543 25.0082 -0.0666 1777647930.1197128
6.3548 25.0082 -0.0667 1777647931.518395
6.9197 25.0191 -0.0002 1777647931.5510862
6.9200 25.0191 -0.0002 1777647933.2032416
7.7233 25.0788 0.0208 1777647933.2211363
7.7241 25.0788 0.0209 1777647935.0290308
8.4267 25.0928 0.0508 1777647935.0516863
8.4277 25.0929 0.0505 1777647936.926524
9.4814 25.3589 0.2930 1777647936.971562
9.4819 25.3590 0.2928 1777647938.4563975
10.1224 25.5724 0.2275 1777647938.4922907
10.1233 25.5726 0.2274 1777647939.9377813
10.8683 25.6548 0.0038 1777647939.981336
10.8710 25.6548 0.0058 1777647941.4184155
12.2352 25.6605 0.0054 1777647941.4340239
12.2352 25.6605 0.0054 1777647942.9929757
12.8813 25.7286 0.0594 1777647943.0144846
12.8822 25.7287 0.0593 1777647944.7151637
13.7425 25.7994 0.0300 1777647944.7466636
13.7425 25.7994 0.0300 1777647946.4050772
14.7206 25.8303 -0.0475 1777647946.4189034
14.7208 25.8303 -0.0475 1777647947.787293
15.2778 25.8165 -0.0741 1777647947.8394983
15.2778 25.8165 -0.0741 1777647949.7531683
16.8194 25.7399 -0.0185 1777647949.7644546
16.8194 25.7399 -0.0185 1777647951.7563229
16.8365 25.7421 -0.0194 1777647951.786586
16.8377 25.7421 -0.0187 1777647953.9525723
17.6141 25.7311 -0.0627 1777647953.9674222
17.6144 25.7311 -0.0627 1777647955.5078547
18.5366 25.7645 0.0122 1777647955.5297668
18.5376 25.7645 0.0121 1777647957.2992854
19.3391 25.7776 -0.0421 1777647957.4386518
19.3394 25.7776 -0.0421 1777647959.7989168
20.6326 25.8187 0.0283 1777647959.8106186
20.6331 25.8187 0.0290 1777647962.0538812
22.3466 25.7888 -0.1208 1777647962.0810947
22.3466 25.7888 -0.1208 1777647964.8431654
22.6346 25.7769 -0.0221 1777647964.9213398
22.6301 25.7770 -0.0250 1777647968.0334027
24.9654 25.6704 -0.8086 1777647968.114749
24.9654 25.6704 -0.8086 1777647970.6146312
25.4505 26.1964 -2.0483 1777647970.67363
25.4505 26.1964 -2.0483 1777647973.033656
25.5222 26.5392 -2.1116 1777647973.0709682
25.5222 26.5392 -2.1116 1777647975.4153068
25.2163 26.0471 -1.6347 1777647975.4233592
25.2163 26.0471 -1.6347 1777647977.7602658
25.2716 25.9359 -0.5218 1777647977.8612177
25.2716 25.9359 -0.5218 1777647980.6400576
25.9250 25.7850 -0.2999 1777647980.6747177
25.9264 25.7845 -0.3000 1777647982.6753917
26.6901 25.4794 -0.5267 1777647982.7189643
26.6901 25.4794 -0.5267 1777647984.6322536
26.9968 25.3020 -0.5779 1777647984.6448445
26.9980 25.3012 -0.5775 1777647986.4348152
28.0029 24.6089 -0.7018 1777647986.4835303
28.0029 24.6089 -0.7018 1777647988.3567972
29.1949 23.7408 -0.7666 1777647988.3714993
29.1955 23.7402 -0.7661 1777647989.9618227
29.5696 22.3013 -1.9398 1777647989.9839046
29.5694 22.3010 -1.9395 1777647991.4023323
28.8986 20.4752 -1.9474 1777647991.4218354
28.8982 20.4740 -1.9477 1777647992.509339
28.5065 19.6880 -2.1273 1777647992.5180602
28.5063 19.6877 -2.1273 1777647993.6622696
27.9900 18.6328 -2.1545 1777647993.6697364
27.9896 18.6323 -2.1545 1777647994.8186412
27.5770 17.7373 -1.9544 1777647994.828536
27.5770 17.7372 -1.9544 1777647996.0518928
27.1676 16.8178 -2.0554 1777647996.0919144
27.1672 16.8172 -2.0550 1777647997.4604356
26.5847 15.6160 -2.1101 1777647997.4890456
26.5844 15.6156 -2.1102 1777647998.7888842
26.0883 14.4912 -2.0179 1777647998.7988782
26.0874 14.4894 -2.0173 1777648000.1054697
25.6171 13.5583 -2.0666 1777648000.1655765
25.6170 13.5581 -2.0666 1777648002.699275
25.2995 12.9241 -2.0880 1777648002.8156528
25.2988 12.9228 -2.0872 1777648005.5585434
24.5571 11.3158 -1.9678 1777648005.697057
24.5568 11.3153 -1.9678 1777648008.7953286
23.3554 8.6217 -1.9514 1777648008.895226
23.3550 8.6207 -1.9507 1777648011.8978765
21.4147 5.8123 -2.3344 1777648011.9379911
21.4127 5.8103 -2.3330 1777648015.2808177
20.6787 4.9528 -2.3092 1777648015.3209178
20.6797 4.9539 -2.3093 1777648017.2673006
18.4213 5.1361 1.5469 1777648017.2834845
18.4213 5.1375 1.5469 1777648019.2368033
18.4079 4.8815 1.2448 1777648019.2748256
18.4076 4.8805 1.2449 1777648021.003182
18.5931 5.2271 1.1305 1777648021.0511396
18.5935 5.2280 1.1304 1777648022.2515178
17.1770 3.8214 0.5452 1777648022.2750273
17.1758 3.8206 0.5453 1777648023.6333694
17.6622 4.1843 0.5772 1777648023.6479955
17.6616 4.1840 0.5779 1777648025.098494
17.8912 4.3442 0.5150 1777648025.123502
17.8906 4.3439 0.5156 1777648026.513386
17.8950 4.4070 2.2789 1777648026.5545244
17.8944 4.4076 2.2793 1777648027.9693108
17.6459 4.6025 2.4286 1777648028.0199108
17.6457 4.6027 2.4291 1777648029.4337466
17.2344 4.8643 2.6567 1777648029.4455757
17.2336 4.8647 2.6567 1777648030.54614
16.9102 4.9702 2.8912 1777648030.5555496
16.9091 4.9705 2.8912 1777648031.6893737
15.7481 5.2007 2.9118 1777648031.7094176
15.7481 5.2007 2.9118 1777648032.834943
14.8544 5.3630 2.8831 1777648032.84123
14.8519 5.3637 2.8814 1777648034.0149956
13.7669 5.6042 3.0392 1777648034.0436368
13.7659 5.6043 3.0391 1777648035.7338843
12.3558 5.8312 2.7753 1777648035.7531407
12.3558 5.8312 2.7753 1777648037.7466266
11.3548 6.1691 2.7545 1777648037.7766893
11.3539 6.1694 2.7545 1777648040.3285453
9.3913 6.6505 2.8923 1777648040.3733997
9.3913 6.6505 2.8923 1777648042.3843753
7.3617 7.2903 2.7522 1777648042.4025178
7.3610 7.2906 2.7529 1777648044.0821917
6.1240 7.7939 2.7452 1777648044.1322107
6.1240 7.7939 2.7452 1777648045.9704132
5.0762 8.0146 3.1012 1777648045.9820411
5.0762 8.0146 3.1012 1777648048.3795233
5.1908 7.9863 3.0977 1777648048.4502769
5.1908 7.9863 3.0977 1777648050.5941908
5.1966 7.9850 3.0963 1777648050.6027386
5.1966 7.9850 3.0963 1777648052.364948
5.2116 7.9806 3.0870 1777648052.379774
5.2116 7.9806 3.0870 1777648054.442031
5.2204 7.9780 3.0841 1777648054.531822
5.2204 7.9780 3.0841 1777648056.2177782
5.2171 7.9788 3.0886 1777648056.2577562
5.2171 7.9788 3.0886 1777648058.367036
5.2212 7.9773 3.0875 1777648058.3845842
5.2212 7.9773 3.0875 1777648060.202043
5.2208 7.9774 3.0847 1777648060.2174466
