16.0000 1.5000 -3.1416 1777599384.4248207
15.9993 1.4996 -3.1399 1777599385.6283686
15.9997 1.4996 -3.1401 1777599386.755821
15.9994 1.4993 -3.1411 1777599387.8372054
15.9996 1.4993 -3.1407 1777599388.9267132
15.9997 1.4993 -3.1406 1777599390.013363
15.9997 1.4992 -3.1405 1777599391.0965993
15.9998 1.4992 -3.1406 1777599392.1887298
15.9997 1.4991 -3.1405 1777599393.292155
15.9970 1.4991 -3.1403 1777599394.472513
15.9930 1.4989 -3.1404 1777599395.5757294
15.9930 1.4990 -3.1405 1777599396.6796017
15.9930 1.4990 -3.1405 1777599397.7689853
15.9938 1.4987 -3.1391 1777599397.784345
15.9935 1.4987 -3.1391 1777599398.8775332
15.8976 1.4948 -3.1344 1777599398.8842337
15.8974 1.4948 -3.1344 1777599399.9665406
15.2452 1.4582 -3.1047 1777599399.972227
15.2449 1.4582 -3.1047 1777599401.0553777
14.1526 1.3532 -3.0843 1777599401.0612702
14.1523 1.3532 -3.0843 1777599402.1452825
13.0694 1.2095 -2.9746 1777599402.151007
13.0691 1.2094 -2.9746 1777599403.2873542
12.0966 0.8482 -2.5137 1777599403.2935295
12.0963 0.8480 -2.5137 1777599404.3834052
11.9929 0.6718 -2.2599 1777599404.3893867
11.9928 0.6716 -2.2598 1777599405.4977424
11.6738 0.2097 -2.2192 1777599405.5040622
11.6736 0.2095 -2.2191 1777599406.6120136
11.5996 0.1031 -2.2026 1777599406.6185145
11.5996 0.1031 -2.2026 1777599407.7851856
11.5715 0.0885 -2.1565 1777599407.791734
11.5715 0.0885 -2.1565 1777599408.8978343
11.5721 0.0885 -2.1561 1777599408.904036
11.5720 0.0883 -2.1561 1777599409.999916
11.5725 0.0886 -2.1511 1777599410.0058708
11.5725 0.0886 -2.1511 1777599411.089012
11.5733 0.0886 -2.1498 1777599411.1082845
11.5731 0.0884 -2.1498 1777599412.2477293
11.5741 0.0884 -2.1527 1777599412.2537212
11.5739 0.0882 -2.1527 1777599413.3424046
11.4958 0.2117 2.9755 1777599413.3480856
11.4955 0.2117 2.9755 1777599414.4354079
10.6733 0.3849 2.9087 1777599414.4425862
10.6730 0.3850 2.9087 1777599415.5264432
9.5963 0.5467 2.9750 1777599415.532723
9.5960 0.5467 2.9750 1777599416.67479
8.3838 0.8245 2.8307 1777599416.6833718
8.3835 0.8246 2.8307 1777599417.7739544
6.9808 1.1830 2.9258 1777599417.7926095
6.9805 1.1830 2.9258 1777599418.8946488
5.7428 1.3251 3.0616 1777599418.9009547
5.7425 1.3251 3.0616 1777599419.9859724
4.5092 1.3024 -3.0617 1777599419.992066
4.5090 1.3024 -3.0618 1777599421.216907
3.0519 0.8896 -2.7501 1777599421.222823
3.0517 0.8895 -2.7501 1777599422.3055475
1.8522 0.1711 -2.5226 1777599422.313891
1.8519 0.1709 -2.5226 1777599423.4086123
1.5902 -0.3082 -2.8457 1777599423.4176133
1.5900 -0.3083 -2.8457 1777599424.5076928
1.5908 -0.3101 -2.8445 1777599424.5125043
1.5906 -0.3102 -2.8445 1777599425.6547985
1.5894 -0.3072 -2.8457 1777599425.6601796
1.5892 -0.3073 -2.8457 1777599426.7423387
1.5912 -0.3095 -2.8561 1777599426.7470613
1.5910 -0.3096 -2.8561 1777599427.8292718
1.5885 -0.3022 -2.8545 1777599427.8374827
1.5882 -0.3023 -2.8545 1777599428.932163
1.5839 -0.2906 -2.8609 1777599428.9373596
1.5836 -0.2906 -2.8609 1777599430.0794454
1.7119 -0.3180 -2.6234 1777599430.08465
1.7117 -0.3181 -2.6235 1777599431.165194
2.7827 -0.3422 -1.3523 1777599431.1701267
2.7828 -0.3424 -1.3523 1777599432.2520401
4.0325 0.3023 -0.9319 1777599432.257227
4.0327 0.3021 -0.9319 1777599433.3397288
5.2588 1.2816 -0.8459 1777599433.3445852
5.2590 1.2815 -0.8459 1777599434.4277797
5.5659 1.6187 -0.7197 1777599434.4350116
5.5693 1.5915 -0.7853 1777599435.5258186
5.5774 1.5721 -0.8292 1777599436.6137314
5.5929 1.6048 -0.8147 1777599437.6952858
5.6134 1.6395 -0.8242 1777599438.7753696
5.6098 1.6349 -0.7980 1777599439.860539
5.5953 1.5969 -0.8310 1777599440.9473956
5.5950 1.5837 -0.8415 1777599442.0347562
5.5996 1.5926 -0.8362 1777599443.1318588
5.6126 1.6392 -0.7275 1777599444.2162757
5.6150 1.6389 -0.7432 1777599445.2964962
5.6154 1.6390 -0.7434 1777599446.3791392
5.6154 1.6390 -0.7436 1777599447.4607353
5.6154 1.6390 -0.7437 1777599448.5475771
5.6155 1.6390 -0.7437 1777599449.631126
5.6155 1.6390 -0.7439 1777599450.7180552
5.6155 1.6390 -0.7441 1777599451.8015532
5.6154 1.6390 -0.7441 1777599452.8852968
5.6154 1.6390 -0.7438 1777599453.9812005
5.6154 1.6390 -0.7441 1777599455.0950353
5.6154 1.6390 -0.7441 1777599456.1799848
5.6155 1.6390 -0.7438 1777599457.3399546
5.6154 1.6390 -0.7438 1777599458.4212291
5.6155 1.6390 -0.7440 1777599459.501796
5.6154 1.6390 -0.7439 1777599460.582622
5.6154 1.6390 -0.7438 1777599461.6655447
5.6154 1.6390 -0.7438 1777599462.7456598
5.6154 1.6390 -0.7438 1777599463.8321521
