16.0000 1.5000 -3.1416 1777598717.849981
16.0006 1.5001 -3.1407 1777598719.0597389
16.0011 1.4996 -3.1415 1777598720.2806573
16.0012 1.4994 -3.1407 1777598721.4014516
16.0014 1.4996 3.1415 1777598722.5785744
16.0017 1.4996 -3.1414 1777598723.7035637
16.0017 1.4998 3.1415 1777598724.836401
16.0017 1.4999 3.1416 1777598726.0393155
16.0016 1.4998 3.1415 1777598727.1497178
16.0016 1.4998 3.1415 1777598728.2748928
16.0023 1.4990 -3.1399 1777598728.2809632
16.0023 1.4990 -3.1399 1777598729.450236
15.9004 1.4939 -3.1228 1777598729.4594533
15.9001 1.4939 -3.1228 1777598730.5934768
15.4696 1.4679 -3.1024 1777598730.5983424
15.4696 1.4680 -3.1044 1777598731.7163172
15.4699 1.4677 -3.1039 1777598732.8325958
15.4694 1.4676 -3.1043 1777598733.949162
15.4694 1.4677 -3.1044 1777598735.0641353
15.4699 1.4676 -3.1036 1777598736.1815813
15.4701 1.4676 -3.1037 1777598737.2982438
15.4729 1.4675 -3.1031 1777598738.4091868
15.4813 1.4747 3.0966 1777598739.5255744
15.5310 1.4838 2.8491 1777598740.6546795
15.5341 1.5074 2.7492 1777598741.7714708
15.5222 1.5060 2.6861 1777598742.8853166
15.5080 1.5037 2.6878 1777598743.9936712
15.5073 1.5024 2.6880 1777598745.1067085
15.5071 1.5021 2.6880 1777598746.2406976
15.5075 1.5026 2.6877 1777598747.3834
15.5081 1.5032 2.6872 1777598748.4987082
15.5081 1.5031 2.6868 1777598749.611687
15.5082 1.5031 2.6863 1777598750.7212064
15.5083 1.5031 2.6861 1777598751.8366196
15.5083 1.5030 2.6859 1777598752.9529123
15.5085 1.5033 2.6859 1777598754.1044085
15.5085 1.5033 2.6858 1777598755.2869816
15.5084 1.5031 2.6856 1777598756.4721084
15.5084 1.5031 2.6855 1777598757.6347876
15.5084 1.5031 2.6856 1777598758.9540005
15.5084 1.5032 2.6856 1777598760.0961745
15.5083 1.5031 2.6858 1777598761.365771
15.5082 1.5031 2.6858 1777598762.5676408
15.5082 1.5031 2.6859 1777598763.7173455
15.5082 1.5031 2.6860 1777598764.836936
15.5083 1.5032 2.6859 1777598765.953767
15.5083 1.5032 2.6858 1777598767.0617666
15.5083 1.5032 2.6859 1777598768.1725135
15.5083 1.5032 2.6858 1777598769.2928615
15.5082 1.5031 2.6857 1777598770.4319906
15.5083 1.5031 2.6856 1777598771.5864098
15.5082 1.5031 2.6856 1777598772.7022274
15.5082 1.5031 2.6857 1777598773.821496
15.5082 1.5031 2.6857 1777598774.9326239
15.5082 1.5031 2.6858 1777598776.0467386
15.5082 1.5031 2.6858 1777598777.1593647
15.5082 1.5031 2.6859 1777598778.2764804
15.5082 1.5031 2.6859 1777598779.470259
15.5082 1.5031 2.6859 1777598780.58871
15.5082 1.5031 2.6859 1777598781.7022498
15.5082 1.5031 2.6859 1777598782.8155708
15.5082 1.5031 2.6859 1777598783.9327154
15.5082 1.5031 2.6860 1777598785.0440679
15.5082 1.5031 2.6860 1777598786.1809433
15.5082 1.5031 2.6859 1777598787.2943428
15.5082 1.5031 2.6860 1777598788.4053934
15.5082 1.5031 2.6859 1777598789.5207481
15.5082 1.5031 2.6859 1777598790.647878
15.5082 1.5032 2.6859 1777598791.7921672
15.5082 1.5031 2.6859 1777598792.9014034
15.5082 1.5032 2.6860 1777598794.0321834
15.5082 1.5032 2.6860 1777598795.1477244
15.5082 1.5031 2.6860 1777598796.2593987
15.5082 1.5031 2.6859 1777598797.3815036
15.5082 1.5031 2.6859 1777598798.497477
15.5082 1.5031 2.6859 1777598799.6142528
15.5082 1.5031 2.6859 1777598800.7223225
15.5082 1.5031 2.6859 1777598801.8381476
15.5082 1.5031 2.6858 1777598802.9841087
15.5082 1.5030 2.6858 1777598804.1000707
15.5081 1.5030 2.6858 1777598805.2697017
15.5082 1.5031 2.6858 1777598806.3784883
15.5082 1.5030 2.6858 1777598807.489435
15.5081 1.5030 2.6859 1777598808.6087725
15.5082 1.5030 2.6859 1777598809.7202115
15.5082 1.5030 2.6859 1777598810.8354974
15.5082 1.5031 2.6859 1777598811.950793
15.5083 1.5031 2.6858 1777598813.0601497
15.5083 1.5031 2.6858 1777598814.1714432
15.5083 1.5031 2.6858 1777598815.285602
15.5083 1.5031 2.6858 1777598816.3993857
15.5083 1.5031 2.6857 1777598817.7176929
15.5083 1.5031 2.6858 1777598818.9086142
15.5083 1.5031 2.6858 1777598820.029536
15.5083 1.5031 2.6857 1777598821.1452117
15.5083 1.5031 2.6857 1777598822.2617812
15.5083 1.5031 2.6858 1777598823.376433
15.5084 1.5031 2.6858 1777598824.5453756
15.5084 1.5031 2.6858 1777598825.6606395
15.5084 1.5031 2.6858 1777598826.775888
15.5084 1.5031 2.6858 1777598827.8955858
15.5083 1.5031 2.6858 1777598829.0192235
15.5083 1.5031 2.6858 1777598830.1300366
15.5083 1.5031 2.6858 1777598831.450541
15.5084 1.5031 2.6858 1777598832.5604937
15.5084 1.5032 2.6858 1777598833.726113
15.5084 1.5032 2.6858 1777598834.8542163
15.5084 1.5032 2.6858 1777598835.9758866
15.5084 1.5032 2.6858 1777598837.0914893
15.5084 1.5032 2.6858 1777598838.2205014
15.5084 1.5032 2.6858 1777598839.3407094
15.5084 1.5031 2.6857 1777598840.5359657
15.5083 1.5030 2.6857 1777598841.6454465
15.5083 1.5030 2.6857 1777598842.7638729
15.5083 1.5030 2.6857 1777598843.8800545
15.5083 1.5030 2.6857 1777598844.9921517
15.5083 1.5030 2.6857 1777598846.10892
15.5083 1.5030 2.6857 1777598847.2191083
15.5083 1.5030 2.6857 1777598848.3348823
15.5083 1.5030 2.6857 1777598849.4497538
15.5083 1.5030 2.6857 1777598850.5674415
15.5083 1.5030 2.6857 1777598851.6838756
15.5083 1.5030 2.6857 1777598852.7988749
15.5083 1.5030 2.6857 1777598853.9209187
15.5083 1.5030 2.6857 1777598855.035195
15.5083 1.5030 2.6858 1777598856.1468709
15.5083 1.5030 2.6857 1777598857.2797456
15.5083 1.5030 2.6857 1777598858.397383
15.5083 1.5030 2.6857 1777598859.5642128
15.5083 1.5030 2.6857 1777598860.7884488
