16.0000 1.5000 -3.1416 1777597064.1011152
16.0000 1.5000 -3.1416 1777597064.1165311
16.0000 1.5000 -3.1416 1777597064.1669185
16.0000 1.5000 -3.1416 1777597064.216513
16.0000 1.5000 -3.1416 1777597064.2668447
16.0000 1.5000 -3.1416 1777597064.3187559
16.0000 1.5000 -3.1416 1777597064.3664978
16.0000 1.5000 -3.1416 1777597064.4168563
16.0000 1.5000 -3.1416 1777597064.4666378
16.0000 1.5000 -3.1416 1777597064.516437
16.0000 1.5000 -3.1416 1777597064.5670464
16.0000 1.5000 -3.1416 1777597064.6175206
16.0000 1.5000 -3.1416 1777597064.666094
16.0000 1.5000 -3.1416 1777597064.716904
16.0000 1.5000 -3.1416 1777597064.7667413
16.0000 1.5000 -3.1416 1777597064.8164253
16.0000 1.5000 -3.1416 1777597064.8669784
16.0000 1.5000 -3.1416 1777597064.9161718
16.0000 1.5000 -3.1416 1777597064.9669483
16.0000 1.5000 -3.1416 1777597065.0173342
16.0000 1.5000 -3.1416 1777597065.0663767
16.0000 1.5000 -3.1416 1777597065.1163776
16.0000 1.5000 -3.1416 1777597065.166681
16.0000 1.5000 -3.1416 1777597065.2163155
16.0000 1.5000 -3.1416 1777597065.2664757
16.0000 1.5000 -3.1416 1777597065.3166084
15.9977 1.5004 3.1395 1777597067.680311
15.9977 1.5003 3.1397 1777597068.8925707
15.9977 1.5009 3.1382 1777597070.0778427
15.9984 1.5012 3.1379 1777597071.2500007
15.9992 1.5014 3.1375 1777597072.532091
16.0002 1.5017 3.1376 1777597073.690158
16.0003 1.5017 3.1379 1777597074.844317
16.0004 1.5017 3.1381 1777597075.999056
16.0004 1.5016 3.1382 1777597077.1505299
16.0008 1.5014 3.1382 1777597078.3565722
16.0007 1.5014 3.1382 1777597079.5108762
16.0005 1.5014 3.1379 1777597080.6662977
16.0011 1.5014 3.1381 1777597081.8165507
16.0019 1.5011 3.1378 1777597082.9711342
16.0053 1.5087 3.0521 1777597084.1215365
16.0045 1.5102 3.0399 1777597085.2738907
16.0045 1.5100 3.0399 1777597086.4277928
16.0045 1.5098 3.0398 1777597087.581983
16.0048 1.5095 3.0394 1777597088.8293571
16.0260 1.5024 3.0991 1777597089.9877357
16.0363 1.5014 3.1027 1777597091.1565764
16.0366 1.5048 3.0665 1777597092.3166382
16.0459 1.4951 3.1225 1777597093.4906468
16.0599 1.4758 -3.1082 1777597094.5985258
16.0625 1.4746 -3.0923 1777597095.7650497
16.0618 1.4746 -3.0922 1777597096.8156831
16.0621 1.4745 -3.0925 1777597097.8587656
16.0621 1.4745 -3.0925 1777597098.9009273
16.0621 1.4745 -3.0924 1777597100.049564
16.0621 1.4746 -3.0924 1777597101.0964148
16.0624 1.4745 -3.0925 1777597102.156131
16.0624 1.4746 -3.0925 1777597103.2027562
16.0625 1.4746 -3.0925 1777597104.2487497
16.0625 1.4746 -3.0925 1777597105.2932231
16.0626 1.4746 -3.0926 1777597106.3584394
16.0625 1.4746 -3.0925 1777597107.4178114
16.0626 1.4746 -3.0926 1777597108.4602594
16.0628 1.4745 -3.0927 1777597109.518625
16.0627 1.4745 -3.0928 1777597110.5712197
16.0605 1.4741 -3.0930 1777597111.6156049
16.0602 1.4741 -3.0930 1777597112.6848483
16.0605 1.4742 -3.0931 1777597113.8930805
16.0605 1.4742 -3.0930 1777597115.0117795
16.0606 1.4742 -3.0930 1777597116.0921493
16.0605 1.4742 -3.0930 1777597117.1474888
16.0605 1.4742 -3.0931 1777597118.1922312
16.0605 1.4742 -3.0930 1777597119.2390602
16.0607 1.4742 -3.0931 1777597120.3931067
16.0608 1.4742 -3.0931 1777597121.5573165
16.0607 1.4742 -3.0931 1777597122.7110054
16.0607 1.4742 -3.0931 1777597123.86738
16.0607 1.4742 -3.0932 1777597125.0289648
16.0607 1.4742 -3.0932 1777597126.2243562
16.0606 1.4742 -3.0931 1777597127.3084157
16.0607 1.4742 -3.0931 1777597128.388295
16.0606 1.4742 -3.0932 1777597129.4349675
16.0606 1.4742 -3.0932 1777597130.520386
16.0606 1.4742 -3.0932 1777597131.6316473
16.0604 1.4741 -3.0931 1777597132.7245007
16.0605 1.4742 -3.0931 1777597133.8083832
16.0604 1.4742 -3.0931 1777597134.944452
16.0605 1.4742 -3.0931 1777597136.015696
16.0605 1.4742 -3.0930 1777597137.0921364
16.0605 1.4742 -3.0931 1777597138.1588473
16.0604 1.4742 -3.0931 1777597139.276813
16.0603 1.4741 -3.0931 1777597140.3481128
16.0603 1.4741 -3.0931 1777597141.4587471
16.0604 1.4742 -3.0932 1777597142.5176916
16.0604 1.4741 -3.0931 1777597143.5806894
16.0603 1.4741 -3.0931 1777597144.6400912
16.0604 1.4742 -3.0931 1777597145.900307
16.0604 1.4742 -3.0931 1777597146.9764304
16.0603 1.4742 -3.0930 1777597148.0303912
16.0604 1.4742 -3.0930 1777597149.1220195
16.0604 1.4742 -3.0930 1777597150.2137582
16.0604 1.4742 -3.0930 1777597151.3960383
16.0604 1.4742 -3.0930 1777597152.4641297
16.0604 1.4742 -3.0929 1777597153.511137
16.0604 1.4742 -3.0929 1777597154.556234
16.0603 1.4742 -3.0930 1777597155.6104152
16.0603 1.4742 -3.0929 1777597156.661174
16.0603 1.4742 -3.0929 1777597157.7066727
16.0611 1.4742 -3.0927 1777597158.7592916
16.0669 1.4691 -3.0730 1777597159.8732736
16.0668 1.4692 -3.0725 1777597160.9562867
16.0668 1.4692 -3.0724 1777597162.070529
16.0668 1.4692 -3.0723 1777597163.130091
16.0669 1.4693 -3.0725 1777597164.1739638
16.0706 1.4725 -3.0834 1777597165.2178073
16.0699 1.4741 -3.0857 1777597166.2655299
16.0697 1.4742 -3.0857 1777597167.326881
16.0699 1.4741 -3.0858 1777597168.4450536
16.0699 1.4741 -3.0858 1777597169.500106
16.0698 1.4741 -3.0858 1777597170.5581841
16.0698 1.4741 -3.0858 1777597171.648202
16.0698 1.4741 -3.0858 1777597172.7175844
16.0698 1.4741 -3.0858 1777597173.832858
16.0699 1.4741 -3.0858 1777597174.918889
16.0699 1.4741 -3.0858 1777597176.035874
16.0699 1.4741 -3.0859 1777597177.1471741
16.0699 1.4741 -3.0859 1777597178.2236047
16.0698 1.4741 -3.0860 1777597179.2764251
16.0698 1.4741 -3.0860 1777597180.3270886
16.0699 1.4741 -3.0860 1777597181.4678564
16.0699 1.4741 -3.0860 1777597182.5202777
16.0699 1.4741 -3.0860 1777597183.5832975
16.0698 1.4741 -3.0860 1777597184.6500545
16.0698 1.4740 -3.0861 1777597185.6974673
16.0698 1.4740 -3.0861 1777597186.746868
16.0698 1.4740 -3.0861 1777597187.792062
16.0698 1.4740 -3.0861 1777597188.8431594
16.0698 1.4741 -3.0861 1777597189.9282486
16.0699 1.4741 -3.0860 1777597191.0066922
16.0698 1.4741 -3.0860 1777597192.0573766
16.0698 1.4741 -3.0859 1777597193.1815565
16.0698 1.4741 -3.0859 1777597194.2583501
16.0698 1.4741 -3.0859 1777597195.339982
16.0698 1.4740 -3.0859 1777597196.4188323
16.0698 1.4741 -3.0859 1777597197.5120318
16.0697 1.4740 -3.0859 1777597198.5841057
16.0697 1.4740 -3.0859 1777597199.678014
16.0698 1.4741 -3.0859 1777597200.7497518
16.0698 1.4741 -3.0859 1777597201.8179147
16.0698 1.4741 -3.0859 1777597202.893396
16.0698 1.4741 -3.0858 1777597203.9492643
16.0700 1.4740 -3.0858 1777597205.0015645
16.0700 1.4713 -3.0807 1777597206.144443
16.0698 1.4686 -3.0746 1777597207.2305317
16.0698 1.4685 -3.0745 1777597208.287131
16.0698 1.4685 -3.0744 1777597209.3343916
16.0699 1.4686 -3.0747 1777597210.3842332
16.0729 1.4703 -3.0831 1777597211.4305534
16.0726 1.4715 -3.0850 1777597212.4716778
16.0724 1.4716 -3.0849 1777597213.5196807
16.0724 1.4716 -3.0850 1777597214.5823946
16.0723 1.4716 -3.0850 1777597215.6369648
16.0724 1.4716 -3.0850 1777597216.6954997
16.0724 1.4716 -3.0850 1777597217.780131
16.0724 1.4716 -3.0850 1777597218.8329997
16.0724 1.4716 -3.0850 1777597219.8909378
16.0723 1.4716 -3.0850 1777597220.9732141
16.0723 1.4716 -3.0850 1777597222.0827932
16.0723 1.4716 -3.0850 1777597223.1891124
16.0723 1.4716 -3.0850 1777597224.270808
16.0723 1.4716 -3.0850 1777597225.3259056
16.0723 1.4716 -3.0850 1777597226.371324
16.0723 1.4716 -3.0850 1777597227.4243908
16.0723 1.4716 -3.0850 1777597228.4684942
16.0723 1.4716 -3.0850 1777597229.5182571
16.0723 1.4716 -3.0850 1777597230.6000147
16.0723 1.4716 -3.0850 1777597231.6860733
16.0723 1.4716 -3.0850 1777597232.749196
16.0723 1.4716 -3.0850 1777597233.795325
16.0723 1.4716 -3.0850 1777597234.8465335
16.0723 1.4716 -3.0850 1777597235.9340992
16.0723 1.4716 -3.0850 1777597236.9898813
16.0723 1.4716 -3.0850 1777597238.0453598
16.0723 1.4716 -3.0850 1777597239.1017969
16.0723 1.4716 -3.0850 1777597240.180081
16.0723 1.4716 -3.0850 1777597241.2516198
16.0723 1.4716 -3.0850 1777597242.3335137
16.0724 1.4716 -3.0850 1777597243.3911982
16.0724 1.4715 -3.0850 1777597244.4375618
16.0727 1.4706 -3.0840 1777597245.5077736
16.0735 1.4671 -3.0752 1777597246.6320636
16.0735 1.4671 -3.0751 1777597247.7045197
16.0737 1.4673 -3.0746 1777597248.747448
16.0740 1.4674 -3.0753 1777597249.813262
16.0769 1.4684 -3.0825 1777597250.8697245
16.0768 1.4687 -3.0825 1777597251.9167738
16.0768 1.4687 -3.0827 1777597252.9924946
16.0769 1.4687 -3.0827 1777597254.0394676
16.0769 1.4687 -3.0827 1777597255.0848155
16.0768 1.4687 -3.0827 1777597256.1390657
16.0768 1.4687 -3.0827 1777597257.2375157
16.0768 1.4687 -3.0826 1777597258.3138955
16.0768 1.4687 -3.0826 1777597259.422601
16.0768 1.4687 -3.0826 1777597260.5575874
16.0768 1.4687 -3.0827 1777597261.676425
16.0768 1.4687 -3.0826 1777597262.7651198
16.0769 1.4672 -3.0807 1777597263.8568344
16.0759 1.4645 -3.0737 1777597264.9614408
16.0761 1.4645 -3.0740 1777597266.0579333
16.0761 1.4645 -3.0741 1777597267.18094
16.0762 1.4646 -3.0741 1777597268.247592
16.0762 1.4646 -3.0743 1777597269.2937708
16.0780 1.4650 -3.0785 1777597270.352243
16.0791 1.4663 -3.0819 1777597271.3972206
16.0788 1.4665 -3.0819 1777597272.439867
16.0787 1.4666 -3.0819 1777597273.4881673
16.0787 1.4666 -3.0819 1777597274.5498054
16.0787 1.4666 -3.0819 1777597275.629413
16.0787 1.4666 -3.0819 1777597276.7548692
16.0787 1.4666 -3.0819 1777597277.863482
16.0788 1.4666 -3.0819 1777597278.9627945
16.0788 1.4666 -3.0819 1777597280.0990193
16.0788 1.4666 -3.0819 1777597281.2482378
16.0788 1.4666 -3.0819 1777597282.3121822
16.0788 1.4666 -3.0819 1777597283.3763785
16.0788 1.4666 -3.0819 1777597284.4281394
16.0788 1.4666 -3.0819 1777597285.4879231
16.0788 1.4666 -3.0819 1777597286.5966065
16.0788 1.4666 -3.0819 1777597287.6759536
16.0788 1.4666 -3.0819 1777597288.726903
16.0788 1.4666 -3.0819 1777597289.7839904
16.0788 1.4666 -3.0819 1777597290.8386796
16.0788 1.4666 -3.0819 1777597291.8936682
16.0788 1.4666 -3.0819 1777597292.9883232
16.0788 1.4666 -3.0819 1777597294.1608481
16.0788 1.4666 -3.0819 1777597295.2979536
16.0788 1.4666 -3.0819 1777597296.4921815
16.0788 1.4666 -3.0819 1777597297.5664911
16.0788 1.4666 -3.0819 1777597298.644164
16.0788 1.4666 -3.0819 1777597299.7980137
16.0788 1.4666 -3.0820 1777597300.9179776
16.0788 1.4666 -3.0820 1777597302.026274
16.0788 1.4666 -3.0819 1777597303.1021416
16.0788 1.4666 -3.0819 1777597304.2163851
16.0788 1.4666 -3.0820 1777597305.3053477
16.0788 1.4666 -3.0820 1777597306.3599339
16.0788 1.4665 -3.0819 1777597307.4629326
16.0788 1.4659 -3.0821 1777597308.6001146
16.0790 1.4636 -3.0766 1777597309.6422408
16.0806 1.4643 -3.0813 1777597310.6882157
16.0810 1.4654 -3.0819 1777597311.744236
16.0808 1.4655 -3.0818 1777597312.8530166
16.0807 1.4656 -3.0818 1777597313.8961804
16.0807 1.4656 -3.0818 1777597314.9486928
16.0807 1.4655 -3.0819 1777597315.9937186
16.0807 1.4655 -3.0819 1777597317.0416956
16.0807 1.4655 -3.0819 1777597318.0881732
16.0807 1.4655 -3.0819 1777597319.1366842
16.0807 1.4655 -3.0819 1777597320.1904757
16.0807 1.4655 -3.0819 1777597321.2386267
16.0807 1.4655 -3.0819 1777597322.3002853
16.0807 1.4655 -3.0818 1777597323.3478067
16.0807 1.4655 -3.0818 1777597324.3918912
16.0807 1.4655 -3.0818 1777597325.5913923
16.0807 1.4655 -3.0818 1777597326.6882768
16.0807 1.4656 -3.0818 1777597327.812283
16.0806 1.4656 -3.0818 1777597328.9243438
16.0806 1.4656 -3.0818 1777597329.9798455
16.0806 1.4656 -3.0818 1777597331.0257046
16.0807 1.4656 -3.0818 1777597332.0758152
16.0807 1.4656 -3.0818 1777597333.140754
16.0807 1.4656 -3.0818 1777597334.1962056
16.0807 1.4656 -3.0818 1777597335.242126
16.0807 1.4656 -3.0819 1777597336.301761
16.0807 1.4656 -3.0818 1777597337.3717082
16.0807 1.4656 -3.0818 1777597338.4249234
16.0807 1.4656 -3.0818 1777597339.500607
16.0807 1.4656 -3.0818 1777597340.5510294
16.0807 1.4656 -3.0818 1777597341.598912
16.0807 1.4656 -3.0819 1777597342.6602993
16.0807 1.4656 -3.0819 1777597343.7295449
16.0807 1.4656 -3.0819 1777597344.7923176
16.0807 1.4656 -3.0819 1777597345.8641644
16.0807 1.4656 -3.0819 1777597346.9281468
16.0807 1.4656 -3.0819 1777597347.974183
16.0807 1.4656 -3.0819 1777597349.0238369
16.0807 1.4656 -3.0819 1777597350.0980082
16.0807 1.4656 -3.0819 1777597351.158065
16.0807 1.4655 -3.0819 1777597352.205283
16.0807 1.4655 -3.0819 1777597353.2521672
16.0807 1.4655 -3.0819 1777597354.3963766
16.0807 1.4655 -3.0819 1777597355.439325
16.0807 1.4655 -3.0819 1777597356.485645
16.0807 1.4655 -3.0819 1777597357.541334
16.0807 1.4655 -3.0819 1777597358.5980444
16.0807 1.4656 -3.0819 1777597359.643655
16.0807 1.4655 -3.0819 1777597360.69178
16.0807 1.4655 -3.0819 1777597361.7457402
16.0807 1.4655 -3.0819 1777597362.7998536
16.0807 1.4655 -3.0819 1777597363.8482509
16.0807 1.4655 -3.0819 1777597364.914368
16.0807 1.4655 -3.0819 1777597365.9577062
16.0807 1.4655 -3.0819 1777597367.0074537
16.0807 1.4655 -3.0819 1777597368.063365
16.0807 1.4655 -3.0819 1777597369.1104934
16.0807 1.4655 -3.0819 1777597370.161312
16.0807 1.4655 -3.0819 1777597371.207807
16.0807 1.4655 -3.0819 1777597372.262475
16.0807 1.4655 -3.0819 1777597373.339972
16.0807 1.4655 -3.0819 1777597374.3963516
16.0807 1.4655 -3.0819 1777597375.4751594
16.0807 1.4655 -3.0819 1777597376.557603
16.0807 1.4655 -3.0819 1777597377.7123165
16.0807 1.4655 -3.0819 1777597378.8042305
16.0807 1.4655 -3.0819 1777597379.903308
16.0807 1.4655 -3.0819 1777597380.9801357
16.0807 1.4655 -3.0819 1777597382.0339234
16.0807 1.4655 -3.0819 1777597383.1799464
16.0807 1.4655 -3.0819 1777597384.259832
16.0807 1.4655 -3.0819 1777597385.306397
16.0807 1.4655 -3.0819 1777597386.3785517
16.0807 1.4655 -3.0819 1777597387.5242753
16.0808 1.4655 -3.0820 1777597388.5828145
16.0806 1.4642 -3.0813 1777597389.6320944
16.0805 1.4630 -3.0780 1777597390.679122
16.0816 1.4637 -3.0811 1777597391.7191498
16.0816 1.4642 -3.0817 1777597392.7663133
16.0815 1.4643 -3.0817 1777597393.8359063
16.0815 1.4643 -3.0817 1777597394.9160438
16.0815 1.4643 -3.0817 1777597395.9641802
16.0815 1.4643 -3.0818 1777597397.0194817
16.0815 1.4643 -3.0817 1777597398.1261885
16.0815 1.4643 -3.0817 1777597399.208138
16.0815 1.4643 -3.0818 1777597400.3483849
16.0815 1.4643 -3.0817 1777597401.437479
16.0815 1.4642 -3.0818 1777597402.4921856
16.0815 1.4643 -3.0818 1777597403.5535893
16.0815 1.4643 -3.0818 1777597404.5980434
16.0815 1.4643 -3.0818 1777597405.6506352
16.0815 1.4643 -3.0818 1777597406.7093303
16.0815 1.4643 -3.0818 1777597407.8768723
16.0815 1.4643 -3.0818 1777597408.9255548
16.0815 1.4643 -3.0818 1777597409.9765162
16.0815 1.4643 -3.0818 1777597411.0246592
16.0815 1.4643 -3.0818 1777597412.1064222
16.0815 1.4643 -3.0818 1777597413.1683476
16.0815 1.4643 -3.0818 1777597414.2197804
16.0815 1.4643 -3.0818 1777597415.2671037
16.0815 1.4643 -3.0818 1777597416.3323784
16.0815 1.4643 -3.0818 1777597417.39907
16.0815 1.4643 -3.0818 1777597418.4842844
16.0815 1.4643 -3.0818 1777597419.5606644
16.0815 1.4643 -3.0818 1777597420.6598227
16.0815 1.4643 -3.0818 1777597421.7185645
16.0815 1.4643 -3.0818 1777597422.775571
16.0815 1.4643 -3.0818 1777597423.821905
16.0815 1.4643 -3.0818 1777597424.8706908
16.0815 1.4643 -3.0818 1777597425.997654
16.0815 1.4643 -3.0818 1777597427.0756588
16.0815 1.4643 -3.0818 1777597428.12204
16.0815 1.4643 -3.0818 1777597429.192242
16.0815 1.4643 -3.0818 1777597430.2421854
16.0815 1.4643 -3.0818 1777597431.292304
16.0812 1.4644 -3.0818 1777597432.3681433
16.0812 1.4644 -3.0818 1777597433.4225583
16.0813 1.4644 -3.0818 1777597434.4723394
16.0813 1.4644 -3.0818 1777597435.5962088
16.0813 1.4644 -3.0817 1777597436.7083335
16.0812 1.4644 -3.0817 1777597437.8094583
16.0812 1.4644 -3.0818 1777597438.90434
16.0812 1.4644 -3.0817 1777597439.9767928
16.0812 1.4644 -3.0817 1777597441.02099
16.0812 1.4644 -3.0817 1777597442.0862336
16.0812 1.4644 -3.0817 1777597443.132493
16.0812 1.4644 -3.0817 1777597444.1764987
16.0812 1.4644 -3.0817 1777597445.237389
16.0812 1.4644 -3.0817 1777597446.2910972
16.0812 1.4644 -3.0817 1777597447.3601954
16.0812 1.4644 -3.0817 1777597448.4125626
16.0812 1.4644 -3.0817 1777597449.456122
16.0812 1.4644 -3.0817 1777597450.532071
16.0812 1.4644 -3.0817 1777597451.703601
16.0812 1.4644 -3.0817 1777597452.9195056
16.0812 1.4644 -3.0817 1777597453.9863493
16.0812 1.4644 -3.0817 1777597455.035357
16.0812 1.4644 -3.0817 1777597456.1073694
16.0812 1.4644 -3.0817 1777597457.1522152
16.0812 1.4644 -3.0817 1777597458.2042058
16.0812 1.4644 -3.0817 1777597459.258322
16.0812 1.4644 -3.0817 1777597460.3033721
16.0812 1.4644 -3.0817 1777597461.431759
16.0812 1.4644 -3.0817 1777597462.4815965
16.0812 1.4644 -3.0817 1777597463.536112
16.0812 1.4644 -3.0817 1777597464.6576767
16.0812 1.4644 -3.0817 1777597465.8175137
16.0812 1.4644 -3.0817 1777597466.9321954
16.0812 1.4644 -3.0817 1777597468.0565646
16.0812 1.4644 -3.0817 1777597469.1210794
16.0812 1.4644 -3.0817 1777597470.219364
16.0812 1.4644 -3.0817 1777597471.2755451
16.0812 1.4644 -3.0817 1777597472.4132006
16.0812 1.4644 -3.0817 1777597473.4922967
16.0812 1.4644 -3.0817 1777597474.6531377
16.0812 1.4644 -3.0817 1777597475.7169206
16.0812 1.4644 -3.0817 1777597476.8162668
16.0812 1.4644 -3.0817 1777597478.0205514
16.0812 1.4644 -3.0817 1777597479.0943892
16.0812 1.4644 -3.0817 1777597480.3114834
16.0812 1.4644 -3.0817 1777597481.3763008
16.0812 1.4644 -3.0817 1777597482.4275248
16.0812 1.4644 -3.0817 1777597483.527895
16.0812 1.4644 -3.0817 1777597484.571576
16.0812 1.4644 -3.0817 1777597485.6158643
16.0812 1.4644 -3.0817 1777597486.6664956
16.0812 1.4644 -3.0817 1777597487.7130575
16.0812 1.4645 -3.0817 1777597488.786002
16.0812 1.4644 -3.0817 1777597489.8691597
16.0812 1.4645 -3.0817 1777597490.9488442
16.0812 1.4645 -3.0817 1777597492.0020103
16.0812 1.4645 -3.0817 1777597493.05901
16.0812 1.4645 -3.0817 1777597494.123031
16.0812 1.4645 -3.0817 1777597495.1759815
16.0812 1.4645 -3.0817 1777597496.2241676
16.0812 1.4645 -3.0817 1777597497.269527
16.0812 1.4645 -3.0817 1777597498.3157067
16.0812 1.4645 -3.0817 1777597499.367984
16.0812 1.4645 -3.0817 1777597500.4532857
16.0812 1.4645 -3.0817 1777597501.502145
16.0812 1.4645 -3.0817 1777597502.5606072
16.0812 1.4645 -3.0817 1777597503.6052792
16.0812 1.4645 -3.0817 1777597504.7705426
16.0812 1.4645 -3.0817 1777597505.8607585
16.0812 1.4645 -3.0817 1777597506.9335535
16.0812 1.4645 -3.0817 1777597508.0053802
16.0812 1.4645 -3.0817 1777597509.0819721
16.0812 1.4645 -3.0817 1777597510.149672
16.0812 1.4645 -3.0817 1777597511.2199748
16.0812 1.4645 -3.0817 1777597512.2770953
16.0812 1.4645 -3.0817 1777597513.320847
16.0812 1.4645 -3.0817 1777597514.3717248
16.0812 1.4645 -3.0817 1777597515.4359856
16.0812 1.4645 -3.0817 1777597516.4906933
16.0812 1.4645 -3.0817 1777597517.5724025
16.0812 1.4645 -3.0817 1777597518.680175
16.0812 1.4645 -3.0817 1777597519.7437413
16.0812 1.4645 -3.0817 1777597520.7961922
16.0812 1.4645 -3.0817 1777597521.848046
16.0812 1.4645 -3.0817 1777597522.9125485
16.0812 1.4645 -3.0817 1777597523.9669335
16.0812 1.4645 -3.0817 1777597525.039812
16.0812 1.4645 -3.0817 1777597526.17049
16.0812 1.4645 -3.0817 1777597527.217661
16.0812 1.4645 -3.0817 1777597528.2708006
16.0812 1.4645 -3.0817 1777597529.3167489
16.0812 1.4645 -3.0817 1777597530.3634002
16.0812 1.4645 -3.0817 1777597531.4193194
16.0812 1.4645 -3.0817 1777597532.4624684
16.0812 1.4644 -3.0817 1777597533.512847
16.0812 1.4645 -3.0817 1777597534.5986161
16.0812 1.4645 -3.0817 1777597535.6736698
16.0812 1.4645 -3.0817 1777597536.7681422
16.0812 1.4645 -3.0817 1777597537.8263333
16.0812 1.4645 -3.0817 1777597538.9203005
16.0812 1.4644 -3.0817 1777597540.0764668
16.0812 1.4645 -3.0817 1777597541.24229
16.0812 1.4645 -3.0817 1777597542.3124533
16.0812 1.4645 -3.0817 1777597543.4126203
16.0811 1.4645 -3.0817 1777597544.5326703
16.0811 1.4645 -3.0817 1777597545.6202972
16.0811 1.4645 -3.0817 1777597546.7020917
16.0811 1.4645 -3.0817 1777597547.7702563
16.0811 1.4645 -3.0817 1777597548.8681343
16.0811 1.4645 -3.0817 1777597549.9230702
16.0811 1.4645 -3.0817 1777597550.9802718
16.0811 1.4645 -3.0817 1777597552.0404644
16.0811 1.4645 -3.0817 1777597553.1805217
16.0812 1.4645 -3.0817 1777597554.310772
16.0811 1.4645 -3.0817 1777597555.35894
16.0812 1.4645 -3.0817 1777597556.4084482
16.0811 1.4645 -3.0817 1777597557.4600148
16.0811 1.4645 -3.0817 1777597558.5292387
16.0811 1.4645 -3.0817 1777597559.5730526
16.0811 1.4645 -3.0817 1777597560.6465
16.0811 1.4645 -3.0817 1777597561.693497
16.0811 1.4645 -3.0817 1777597562.8081226
16.0811 1.4645 -3.0817 1777597563.8549037
16.0811 1.4645 -3.0817 1777597564.900741
16.0811 1.4645 -3.0817 1777597565.9517968
16.0811 1.4645 -3.0817 1777597567.0067906
16.0811 1.4645 -3.0817 1777597568.0500047
16.0811 1.4645 -3.0817 1777597569.1199312
16.0811 1.4645 -3.0817 1777597570.1729848
16.0811 1.4645 -3.0817 1777597571.218877
16.0811 1.4645 -3.0817 1777597572.2669935
16.0811 1.4645 -3.0817 1777597573.3130789
16.0811 1.4645 -3.0817 1777597574.3611357
16.0811 1.4645 -3.0817 1777597575.4098783
16.0811 1.4645 -3.0817 1777597576.455828
16.0811 1.4645 -3.0817 1777597577.511439
16.0811 1.4645 -3.0817 1777597578.5570927
16.0811 1.4645 -3.0817 1777597579.6162295
16.0811 1.4645 -3.0817 1777597580.6976945
16.0811 1.4645 -3.0817 1777597581.7630928
16.0811 1.4645 -3.0817 1777597582.8324673
16.0811 1.4645 -3.0817 1777597583.9070728
16.0811 1.4645 -3.0817 1777597584.9836867
16.0811 1.4645 -3.0817 1777597586.0561826
16.0811 1.4645 -3.0817 1777597587.13062
16.0811 1.4645 -3.0817 1777597588.1799219
16.0811 1.4645 -3.0817 1777597589.2597876
16.0811 1.4645 -3.0817 1777597590.380841
16.0811 1.4645 -3.0817 1777597591.436166
16.0811 1.4645 -3.0817 1777597592.4815457
16.0811 1.4645 -3.0817 1777597593.5680425
16.0811 1.4645 -3.0817 1777597594.6405172
16.0811 1.4645 -3.0817 1777597595.780089
16.0811 1.4645 -3.0817 1777597596.833555
16.0811 1.4645 -3.0817 1777597597.8942406
16.0811 1.4645 -3.0817 1777597598.9470935
16.0811 1.4645 -3.0817 1777597599.9922016
16.0811 1.4645 -3.0817 1777597601.0609999
16.0811 1.4645 -3.0817 1777597602.1118574
16.0811 1.4645 -3.0817 1777597603.1568062
16.0811 1.4645 -3.0817 1777597604.2494705
16.0811 1.4645 -3.0817 1777597605.293687
16.0811 1.4645 -3.0817 1777597606.3372273
16.0811 1.4645 -3.0817 1777597607.400186
16.0811 1.4645 -3.0817 1777597608.4502208
16.0811 1.4645 -3.0817 1777597609.496851
16.0811 1.4645 -3.0817 1777597610.5468793
16.0811 1.4645 -3.0817 1777597611.6563942
16.0811 1.4645 -3.0817 1777597612.7041268
16.0811 1.4645 -3.0817 1777597613.758213
16.0811 1.4645 -3.0817 1777597614.8058295
16.0811 1.4645 -3.0817 1777597615.8550024
16.0811 1.4645 -3.0817 1777597616.9021542
16.0811 1.4645 -3.0817 1777597617.958195
16.0811 1.4645 -3.0817 1777597619.008223
16.0811 1.4645 -3.0817 1777597620.1122193
16.0811 1.4645 -3.0817 1777597621.1560817
16.0811 1.4645 -3.0817 1777597622.218314
16.0811 1.4645 -3.0817 1777597623.265863
16.0811 1.4645 -3.0817 1777597624.3114557
16.0811 1.4645 -3.0817 1777597625.3585505
16.0811 1.4645 -3.0817 1777597626.4034977
16.0811 1.4645 -3.0817 1777597627.5015676
16.0811 1.4645 -3.0817 1777597628.551539
16.0811 1.4645 -3.0817 1777597629.5943587
16.0811 1.4645 -3.0817 1777597630.7029057
16.0811 1.4645 -3.0817 1777597631.820898
16.0811 1.4645 -3.0817 1777597633.0008094
16.0811 1.4645 -3.0817 1777597634.09919
16.0811 1.4645 -3.0817 1777597635.157703
16.0811 1.4645 -3.0817 1777597636.3594823
16.0811 1.4645 -3.0817 1777597637.4065537
16.0811 1.4645 -3.0817 1777597638.4507334
16.0811 1.4645 -3.0817 1777597639.5041203
16.0811 1.4645 -3.0817 1777597640.563732
16.0811 1.4645 -3.0817 1777597641.609543
16.0811 1.4645 -3.0817 1777597642.663639
16.0811 1.4645 -3.0817 1777597643.7317097
16.0811 1.4645 -3.0817 1777597644.7808204
16.0811 1.4645 -3.0817 1777597645.8387632
16.0811 1.4645 -3.0817 1777597646.8818028
16.0811 1.4645 -3.0817 1777597647.9291663
16.0811 1.4645 -3.0817 1777597648.979742
16.0811 1.4645 -3.0817 1777597650.0275621
16.0811 1.4645 -3.0817 1777597651.075017
16.0811 1.4645 -3.0817 1777597652.1210823
16.0811 1.4645 -3.0817 1777597653.1716633
16.0811 1.4645 -3.0817 1777597654.244123
16.0811 1.4645 -3.0817 1777597655.3214514
16.0811 1.4645 -3.0817 1777597656.4725142
16.0811 1.4645 -3.0817 1777597657.6329794
16.0811 1.4645 -3.0817 1777597658.8560143
16.0811 1.4645 -3.0817 1777597660.0497055
16.0811 1.4645 -3.0817 1777597661.1088681
16.0811 1.4645 -3.0817 1777597662.152335
16.0811 1.4645 -3.0817 1777597663.2317483
16.0811 1.4645 -3.0817 1777597664.3112648
16.0811 1.4645 -3.0817 1777597665.4001007
16.0811 1.4645 -3.0817 1777597666.4528632
16.0811 1.4645 -3.0817 1777597667.5481799
16.0811 1.4645 -3.0817 1777597668.6294594
16.0811 1.4645 -3.0817 1777597669.6812088
16.0811 1.4645 -3.0817 1777597670.8952014
16.0811 1.4645 -3.0817 1777597671.9459293
16.0811 1.4645 -3.0817 1777597672.9928389
16.0811 1.4645 -3.0817 1777597674.0634227
16.0811 1.4645 -3.0817 1777597675.1440957
16.0811 1.4645 -3.0817 1777597676.224208
16.0811 1.4645 -3.0817 1777597677.4783864
16.0811 1.4645 -3.0817 1777597678.5424633
16.0811 1.4645 -3.0817 1777597679.6104994
16.0811 1.4645 -3.0817 1777597680.6577487
16.0811 1.4645 -3.0817 1777597681.716955
16.0811 1.4645 -3.0817 1777597682.7670553
16.0811 1.4645 -3.0817 1777597683.8200767
16.0810 1.4645 -3.0817 1777597684.8646715
16.0810 1.4645 -3.0817 1777597685.9340444
16.0810 1.4645 -3.0817 1777597687.0227597
16.0810 1.4645 -3.0817 1777597688.12168
16.0810 1.4645 -3.0817 1777597689.2147903
16.0810 1.4645 -3.0817 1777597690.3186083
16.0811 1.4645 -3.0817 1777597691.4031432
16.0811 1.4645 -3.0817 1777597692.4801168
16.0810 1.4645 -3.0817 1777597693.5463915
16.0811 1.4645 -3.0817 1777597694.6144981
16.0810 1.4645 -3.0817 1777597695.7378304
16.0810 1.4645 -3.0818 1777597696.8602912
16.0810 1.4645 -3.0818 1777597697.9694924
16.0810 1.4645 -3.0818 1777597699.0337937
16.0810 1.4645 -3.0818 1777597700.0983253
16.0810 1.4645 -3.0818 1777597701.1463032
16.0810 1.4645 -3.0818 1777597702.193279
16.0810 1.4645 -3.0818 1777597703.2419024
16.0810 1.4645 -3.0818 1777597704.2951405
16.0810 1.4645 -3.0818 1777597705.3435433
16.0810 1.4645 -3.0818 1777597706.3910992
16.0810 1.4645 -3.0818 1777597707.4341414
16.0811 1.4645 -3.0818 1777597708.5062346
16.0810 1.4645 -3.0818 1777597709.5547009
16.0810 1.4645 -3.0818 1777597710.6097171
16.0811 1.4645 -3.0818 1777597711.6593604
16.0811 1.4645 -3.0818 1777597712.704804
16.0811 1.4645 -3.0818 1777597713.7483141
16.0811 1.4645 -3.0818 1777597714.7925217
16.0811 1.4645 -3.0818 1777597715.8469224
16.0811 1.4645 -3.0818 1777597716.8905168
16.0811 1.4645 -3.0818 1777597717.992277
16.0811 1.4645 -3.0818 1777597719.0601196
16.0811 1.4645 -3.0818 1777597720.1120822
16.0811 1.4645 -3.0818 1777597721.168185
16.0811 1.4645 -3.0818 1777597722.2514489
16.0811 1.4645 -3.0818 1777597723.3084733
16.0811 1.4645 -3.0818 1777597724.3567064
16.0811 1.4645 -3.0818 1777597725.4033854
16.0811 1.4645 -3.0818 1777597726.447217
16.0811 1.4645 -3.0818 1777597727.5582914
16.0811 1.4645 -3.0818 1777597728.6035242
16.0811 1.4645 -3.0818 1777597729.6756809
16.0811 1.4645 -3.0818 1777597730.7199283
16.0811 1.4645 -3.0818 1777597731.7641835
16.0811 1.4645 -3.0818 1777597732.8097394
16.0811 1.4645 -3.0818 1777597733.8617222
16.0811 1.4645 -3.0818 1777597734.921776
16.0811 1.4645 -3.0818 1777597735.9681358
16.0811 1.4645 -3.0818 1777597737.0125449
16.0811 1.4645 -3.0818 1777597738.060818
16.0811 1.4645 -3.0818 1777597739.1058404
16.0811 1.4645 -3.0818 1777597740.1723342
16.0811 1.4645 -3.0818 1777597741.2280655
16.0811 1.4645 -3.0818 1777597742.2771132
16.0811 1.4645 -3.0818 1777597743.3192687
16.0811 1.4645 -3.0818 1777597744.3983886
16.0811 1.4645 -3.0818 1777597745.4664743
16.0811 1.4645 -3.0818 1777597746.526365
16.0811 1.4645 -3.0818 1777597747.573437
16.0811 1.4645 -3.0818 1777597748.765791
16.0811 1.4645 -3.0818 1777597749.8114283
16.0811 1.4645 -3.0818 1777597750.8839862
16.0811 1.4645 -3.0818 1777597751.9299517
16.0811 1.4645 -3.0818 1777597752.9781945
16.0811 1.4645 -3.0818 1777597754.0241456
16.0811 1.4645 -3.0818 1777597755.116161
16.0811 1.4645 -3.0818 1777597756.1869688
16.0811 1.4645 -3.0818 1777597757.2596378
16.0811 1.4645 -3.0818 1777597758.3196762
16.0811 1.4645 -3.0818 1777597759.3651142
16.0811 1.4645 -3.0818 1777597760.4225888
16.0811 1.4645 -3.0818 1777597761.5176053
16.0811 1.4645 -3.0818 1777597762.5943723
16.0811 1.4645 -3.0818 1777597763.6636477
16.0811 1.4645 -3.0818 1777597764.7713792
16.0811 1.4645 -3.0818 1777597765.828855
16.0811 1.4645 -3.0818 1777597766.875836
16.0811 1.4645 -3.0818 1777597767.9212224
16.0811 1.4645 -3.0818 1777597768.9714086
16.0811 1.4645 -3.0818 1777597770.0167193
16.0811 1.4645 -3.0818 1777597771.0610518
16.0811 1.4645 -3.0818 1777597772.1345005
16.0811 1.4645 -3.0818 1777597773.1839154
16.0811 1.4645 -3.0818 1777597774.2301257
16.0811 1.4645 -3.0818 1777597775.2807605
16.0811 1.4645 -3.0818 1777597776.3259695
16.0811 1.4645 -3.0818 1777597777.3720965
16.0811 1.4645 -3.0818 1777597778.5729074
16.0811 1.4645 -3.0818 1777597779.6361048
16.0811 1.4645 -3.0818 1777597780.691603
16.0811 1.4645 -3.0818 1777597781.7366245
16.0811 1.4645 -3.0818 1777597782.8158479
16.0811 1.4645 -3.0818 1777597783.8576653
16.0811 1.4645 -3.0818 1777597784.9054692
16.0811 1.4645 -3.0818 1777597786.0052493
16.0811 1.4645 -3.0818 1777597787.049381
16.0811 1.4645 -3.0818 1777597788.0990973
16.0811 1.4645 -3.0818 1777597789.1580477
16.0811 1.4645 -3.0818 1777597790.2267551
16.0811 1.4645 -3.0818 1777597791.2824948
16.0811 1.4645 -3.0818 1777597792.335106
16.0811 1.4645 -3.0818 1777597793.432146
16.0811 1.4645 -3.0818 1777597794.5580595
16.0811 1.4645 -3.0818 1777597795.686454
16.0811 1.4645 -3.0818 1777597796.7842915
16.0811 1.4645 -3.0818 1777597797.8976793
16.0811 1.4645 -3.0818 1777597798.9682825
16.0811 1.4645 -3.0818 1777597800.019702
16.0811 1.4645 -3.0818 1777597801.0755048
16.0811 1.4645 -3.0818 1777597802.1219091
16.0811 1.4645 -3.0818 1777597803.200111
16.0811 1.4645 -3.0818 1777597804.3534212
16.0811 1.4645 -3.0818 1777597805.3989506
16.0811 1.4645 -3.0819 1777597806.4423091
16.0811 1.4645 -3.0819 1777597807.4890978
16.0810 1.4645 -3.0819 1777597808.6046154
16.0810 1.4645 -3.0819 1777597809.688787
16.0810 1.4645 -3.0819 1777597810.7521026
16.0810 1.4645 -3.0819 1777597811.8409727
16.0810 1.4645 -3.0819 1777597812.8887515
16.0810 1.4645 -3.0819 1777597813.9336927
16.0810 1.4645 -3.0819 1777597815.0032008
16.0811 1.4645 -3.0819 1777597816.0502963
16.0811 1.4644 -3.0819 1777597817.1323848
16.0810 1.4636 -3.0804 1777597818.3727438
16.0811 1.4635 -3.0799 1777597819.4791958
16.0810 1.4635 -3.0798 1777597820.5225422
16.0810 1.4635 -3.0798 1777597821.5678422
16.0810 1.4635 -3.0798 1777597822.6143615
16.0810 1.4635 -3.0797 1777597823.6580617
16.0810 1.4635 -3.0798 1777597824.702789
16.0810 1.4635 -3.0798 1777597825.7766774
16.0810 1.4635 -3.0798 1777597826.8218982
16.0810 1.4635 -3.0798 1777597827.8689396
16.0810 1.4635 -3.0798 1777597828.9133189
16.0810 1.4635 -3.0798 1777597829.9581685
16.0810 1.4635 -3.0798 1777597831.001434
16.0810 1.4635 -3.0798 1777597832.0480635
16.0810 1.4635 -3.0798 1777597833.1035357
16.0814 1.4637 -3.0807 1777597834.1476939
16.0815 1.4639 -3.0804 1777597835.1924481
16.0815 1.4640 -3.0805 1777597836.2668238
16.0815 1.4640 -3.0804 1777597837.310245
16.0815 1.4640 -3.0804 1777597838.36737
16.0815 1.4640 -3.0804 1777597839.414842
16.0815 1.4640 -3.0804 1777597840.4555874
16.0815 1.4640 -3.0804 1777597841.4996538
16.0815 1.4640 -3.0805 1777597842.5491753
16.0815 1.4640 -3.0805 1777597843.5924203
16.0815 1.4640 -3.0805 1777597844.6386397
16.0815 1.4640 -3.0805 1777597845.7091088
16.0815 1.4640 -3.0805 1777597846.8387241
16.0815 1.4640 -3.0805 1777597847.939564
16.0815 1.4640 -3.0805 1777597849.011014
16.0815 1.4640 -3.0805 1777597850.0579104
16.0815 1.4640 -3.0805 1777597851.1097722
16.0815 1.4640 -3.0805 1777597852.1606157
16.0815 1.4640 -3.0805 1777597853.2133207
16.0815 1.4640 -3.0805 1777597854.2577271
16.0815 1.4640 -3.0805 1777597855.3018281
16.0815 1.4640 -3.0805 1777597856.3538127
16.0815 1.4640 -3.0804 1777597857.4284844
16.0815 1.4640 -3.0804 1777597858.4740613
16.0815 1.4640 -3.0804 1777597859.5322924
16.0815 1.4640 -3.0804 1777597860.6087317
16.0815 1.4640 -3.0804 1777597861.671168
16.0815 1.4640 -3.0804 1777597862.7180133
16.0815 1.4640 -3.0805 1777597863.8211157
16.0815 1.4640 -3.0804 1777597864.8714635
16.0815 1.4640 -3.0804 1777597865.915025
16.0815 1.4640 -3.0805 1777597866.9598536
16.0815 1.4640 -3.0805 1777597868.0372148
16.0815 1.4640 -3.0805 1777597869.0814915
16.0815 1.4640 -3.0805 1777597870.1275072
16.0815 1.4640 -3.0804 1777597871.1860871
16.0815 1.4640 -3.0804 1777597872.2718875
16.0815 1.4640 -3.0804 1777597873.3165345
16.0815 1.4640 -3.0804 1777597874.3723166
16.0815 1.4640 -3.0804 1777597875.4365757
16.0815 1.4640 -3.0804 1777597876.480919
16.0815 1.4640 -3.0804 1777597877.5330849
16.0815 1.4640 -3.0804 1777597878.6171615
16.0815 1.4640 -3.0804 1777597879.6615508
16.0815 1.4640 -3.0804 1777597880.712568
16.0815 1.4640 -3.0804 1777597881.757538
16.0815 1.4640 -3.0804 1777597882.827002
16.0815 1.4640 -3.0804 1777597883.8783364
16.0815 1.4640 -3.0804 1777597884.9271
16.0815 1.4640 -3.0804 1777597885.9729528
16.0815 1.4640 -3.0804 1777597887.0214624
16.0815 1.4640 -3.0804 1777597888.0845213
16.0815 1.4640 -3.0804 1777597889.1719553
16.0815 1.4640 -3.0804 1777597890.2281833
16.0815 1.4640 -3.0804 1777597891.3163497
16.0815 1.4640 -3.0804 1777597892.3953614
16.0815 1.4640 -3.0804 1777597893.4686966
16.0815 1.4640 -3.0804 1777597894.544355
16.0815 1.4640 -3.0804 1777597895.624728
16.0815 1.4640 -3.0804 1777597896.7019525
16.0815 1.4640 -3.0804 1777597897.7766678
16.0815 1.4640 -3.0804 1777597898.827408
16.0815 1.4640 -3.0804 1777597899.9961917
16.0815 1.4640 -3.0804 1777597901.092753
16.0815 1.4640 -3.0804 1777597902.2005205
16.0815 1.4640 -3.0805 1777597903.3761754
16.0815 1.4640 -3.0805 1777597904.476042
16.0815 1.4640 -3.0805 1777597905.6141288
16.0815 1.4640 -3.0805 1777597906.690688
16.0815 1.4640 -3.0804 1777597907.7670174
16.0815 1.4640 -3.0805 1777597908.8515234
16.0815 1.4640 -3.0805 1777597909.9135046
16.0815 1.4640 -3.0805 1777597910.991107
16.0815 1.4640 -3.0805 1777597912.0500624
16.0815 1.4640 -3.0805 1777597913.1211817
16.0815 1.4640 -3.0805 1777597914.167278
16.0815 1.4640 -3.0805 1777597915.2162054
16.0815 1.4640 -3.0805 1777597916.2627811
16.0815 1.4640 -3.0805 1777597917.3105552
16.0815 1.4640 -3.0805 1777597918.4135501
16.0815 1.4640 -3.0805 1777597919.540792
16.0815 1.4640 -3.0804 1777597920.6845865
16.0815 1.4640 -3.0805 1777597921.815625
16.0815 1.4640 -3.0805 1777597922.866962
16.0815 1.4640 -3.0805 1777597923.9162738
16.0815 1.4640 -3.0805 1777597924.9642963
16.0815 1.4640 -3.0805 1777597926.027937
16.0815 1.4640 -3.0805 1777597927.1302752
16.0815 1.4640 -3.0805 1777597928.180732
16.0815 1.4640 -3.0805 1777597929.2583153
16.0815 1.4640 -3.0805 1777597930.3641953
16.0815 1.4640 -3.0805 1777597931.4704618
16.0815 1.4640 -3.0805 1777597932.6363196
16.0815 1.4640 -3.0805 1777597933.6948018
16.0815 1.4640 -3.0805 1777597934.7381535
16.0815 1.4640 -3.0805 1777597935.7857752
16.0815 1.4640 -3.0805 1777597936.8357491
16.0815 1.4640 -3.0805 1777597937.8882465
16.0815 1.4640 -3.0805 1777597938.9404283
16.0815 1.4640 -3.0805 1777597939.9921467
16.0815 1.4640 -3.0805 1777597941.0921671
16.0815 1.4640 -3.0805 1777597942.1604872
16.0815 1.4640 -3.0805 1777597943.264076
16.0815 1.4640 -3.0805 1777597944.3115842
16.0815 1.4640 -3.0805 1777597945.3667457
16.0815 1.4640 -3.0805 1777597946.4251392
16.0815 1.4640 -3.0805 1777597947.4838057
16.0815 1.4640 -3.0805 1777597948.5470538
16.0815 1.4640 -3.0805 1777597949.5913177
16.0815 1.4640 -3.0805 1777597950.6350203
16.0815 1.4640 -3.0804 1777597951.6922593
16.0815 1.4640 -3.0804 1777597952.7647274
16.0815 1.4640 -3.0804 1777597953.8640928
16.0815 1.4640 -3.0805 1777597954.9723015
16.0815 1.4640 -3.0805 1777597956.033805
16.0815 1.4640 -3.0805 1777597957.0944695
16.0815 1.4640 -3.0805 1777597958.2082233
16.0815 1.4640 -3.0805 1777597959.2921848
16.0815 1.4640 -3.0805 1777597960.4162667
16.0815 1.4640 -3.0805 1777597961.5282242
16.0815 1.4640 -3.0805 1777597962.6675553
16.0815 1.4640 -3.0805 1777597963.7402549
16.0815 1.4640 -3.0805 1777597964.8763041
16.0815 1.4640 -3.0805 1777597966.0218325
16.0815 1.4640 -3.0805 1777597967.1063848
16.0815 1.4640 -3.0805 1777597968.2140703
16.0815 1.4639 -3.0805 1777597969.256524
16.0815 1.4639 -3.0805 1777597970.2925854
16.0815 1.4639 -3.0805 1777597971.3311436
16.0815 1.4639 -3.0805 1777597972.377818
16.0815 1.4639 -3.0805 1777597973.4153767
16.0815 1.4640 -3.0805 1777597974.4558015
16.0815 1.4640 -3.0805 1777597975.5420935
16.0815 1.4640 -3.0805 1777597976.5957406
16.0815 1.4640 -3.0805 1777597977.691093
16.0815 1.4640 -3.0805 1777597978.7744699
16.0814 1.4640 -3.0805 1777597979.8376088
16.0814 1.4640 -3.0805 1777597980.8880885
16.0814 1.4640 -3.0805 1777597981.9330175
16.0814 1.4640 -3.0805 1777597982.9780514
16.0814 1.4640 -3.0805 1777597984.030387
16.0814 1.4640 -3.0805 1777597985.0815756
16.0814 1.4640 -3.0805 1777597986.1722915
16.0814 1.4640 -3.0804 1777597987.2225966
16.0814 1.4640 -3.0804 1777597988.2668905
16.0814 1.4640 -3.0804 1777597989.3204794
16.0814 1.4640 -3.0804 1777597990.5125823
16.0814 1.4640 -3.0804 1777597991.718161
16.0814 1.4640 -3.0804 1777597992.766308
16.0814 1.4640 -3.0804 1777597993.814643
16.0814 1.4640 -3.0804 1777597994.8807096
16.0814 1.4640 -3.0804 1777597996.023322
16.0814 1.4640 -3.0804 1777597997.1043248
16.0815 1.4640 -3.0804 1777597998.1503706
16.0815 1.4640 -3.0804 1777597999.3581634
16.0815 1.4640 -3.0804 1777598000.4112566
16.0815 1.4640 -3.0804 1777598001.4525995
16.0815 1.4640 -3.0804 1777598002.50598
16.0814 1.4640 -3.0804 1777598003.5982435
16.0815 1.4640 -3.0804 1777598004.6420975
16.0815 1.4640 -3.0804 1777598005.6956427
16.0815 1.4640 -3.0804 1777598006.7398338
16.0815 1.4640 -3.0804 1777598007.8184729
16.0814 1.4640 -3.0804 1777598008.8721683
16.0814 1.4640 -3.0804 1777598009.9241912
16.0814 1.4640 -3.0804 1777598010.9702628
16.0814 1.4640 -3.0804 1777598012.0271904
16.0814 1.4640 -3.0804 1777598013.0717216
16.0814 1.4640 -3.0804 1777598014.1208775
16.0814 1.4640 -3.0804 1777598015.1702595
16.0814 1.4640 -3.0804 1777598016.2191494
16.0814 1.4640 -3.0804 1777598017.263663
16.0814 1.4640 -3.0805 1777598018.3419294
16.0814 1.4640 -3.0805 1777598019.3864973
16.0814 1.4640 -3.0805 1777598020.485304
16.0814 1.4640 -3.0805 1777598021.532523
16.0814 1.4640 -3.0805 1777598022.5774617
16.0814 1.4640 -3.0805 1777598023.6173527
16.0814 1.4640 -3.0805 1777598024.6615605
16.0814 1.4640 -3.0805 1777598025.716289
16.0814 1.4640 -3.0805 1777598026.774588
16.0814 1.4640 -3.0804 1777598027.8986216
16.0814 1.4640 -3.0805 1777598029.069181
16.0814 1.4640 -3.0805 1777598030.1287003
16.0814 1.4640 -3.0804 1777598031.1930704
16.0814 1.4640 -3.0805 1777598032.2402604
16.0814 1.4640 -3.0805 1777598033.2855237
16.0814 1.4640 -3.0805 1777598034.3305237
16.0814 1.4640 -3.0805 1777598035.3797066
16.0814 1.4640 -3.0804 1777598036.4266977
16.0814 1.4640 -3.0805 1777598037.619951
16.0814 1.4640 -3.0805 1777598038.6639018
16.0814 1.4640 -3.0804 1777598039.750864
16.0814 1.4640 -3.0804 1777598040.7943232
16.0814 1.4640 -3.0804 1777598041.840611
16.0814 1.4640 -3.0804 1777598042.890766
16.0814 1.4640 -3.0804 1777598043.9354007
16.0814 1.4640 -3.0805 1777598044.9818485
16.0814 1.4640 -3.0804 1777598046.0340776
16.0814 1.4640 -3.0804 1777598047.0777676
16.0814 1.4640 -3.0804 1777598048.1745336
16.0814 1.4640 -3.0804 1777598049.2441223
16.0814 1.4640 -3.0804 1777598050.3288724
16.0814 1.4640 -3.0804 1777598051.408672
16.0814 1.4640 -3.0804 1777598052.4682188
16.0814 1.4640 -3.0804 1777598053.535083
16.0814 1.4640 -3.0804 1777598054.604703
16.0814 1.4640 -3.0804 1777598055.684455
16.0814 1.4640 -3.0804 1777598056.7641382
16.0814 1.4640 -3.0804 1777598057.8134723
16.0814 1.4640 -3.0804 1777598058.8775632
16.0814 1.4640 -3.0804 1777598060.0143251
16.0814 1.4640 -3.0804 1777598061.2305477
16.0814 1.4640 -3.0804 1777598062.3050454
16.0814 1.4640 -3.0804 1777598063.3854327
16.0814 1.4640 -3.0804 1777598064.4627326
16.0814 1.4640 -3.0804 1777598065.54529
16.0814 1.4640 -3.0804 1777598066.6199038
16.0814 1.4640 -3.0804 1777598067.684466
16.0814 1.4640 -3.0804 1777598068.7464564
16.0814 1.4640 -3.0804 1777598069.7876894
16.0814 1.4640 -3.0804 1777598070.8300593
16.0814 1.4640 -3.0804 1777598071.9378407
16.0814 1.4640 -3.0805 1777598072.9809792
16.0814 1.4640 -3.0805 1777598074.030111
16.0814 1.4640 -3.0805 1777598075.0786846
16.0814 1.4640 -3.0805 1777598076.1237924
16.0814 1.4640 -3.0805 1777598077.183073
16.0814 1.4640 -3.0805 1777598078.2345572
16.0814 1.4640 -3.0805 1777598079.3681164
16.0814 1.4640 -3.0805 1777598080.4532309
16.0814 1.4640 -3.0805 1777598081.4998202
16.0814 1.4640 -3.0805 1777598082.602249
16.0814 1.4640 -3.0805 1777598083.660096
16.0814 1.4640 -3.0805 1777598084.7093456
16.0814 1.4640 -3.0805 1777598085.7521908
16.0814 1.4640 -3.0805 1777598086.7972856
16.0814 1.4640 -3.0805 1777598087.8481793
16.0814 1.4640 -3.0805 1777598088.9015956
16.0814 1.4640 -3.0805 1777598089.9438105
16.0814 1.4640 -3.0805 1777598090.986523
16.0814 1.4640 -3.0805 1777598092.0346143
16.0814 1.4640 -3.0805 1777598093.1218922
16.0814 1.4640 -3.0805 1777598094.2132473
16.0814 1.4640 -3.0805 1777598095.2643044
16.0814 1.4640 -3.0805 1777598096.319462
16.0814 1.4640 -3.0805 1777598097.3815792
16.0814 1.4640 -3.0805 1777598098.4732504
16.0814 1.4640 -3.0805 1777598099.5596104
16.0814 1.4640 -3.0805 1777598100.6071858
16.0814 1.4640 -3.0805 1777598101.6488187
16.0814 1.4640 -3.0805 1777598102.7010915
16.0814 1.4640 -3.0805 1777598103.931693
16.0814 1.4640 -3.0805 1777598104.9804146
16.0814 1.4640 -3.0805 1777598106.0386708
16.0814 1.4640 -3.0805 1777598107.0785546
16.0814 1.4640 -3.0805 1777598108.1217215
16.0814 1.4640 -3.0805 1777598109.164323
16.0814 1.4640 -3.0805 1777598110.2145822
16.0814 1.4640 -3.0805 1777598111.2732613
16.0814 1.4640 -3.0805 1777598112.3216298
16.0814 1.4640 -3.0805 1777598113.5489802
16.0814 1.4640 -3.0805 1777598114.6396432
16.0814 1.4640 -3.0805 1777598115.748072
16.0814 1.4640 -3.0805 1777598116.7940538
16.0814 1.4640 -3.0805 1777598117.837873
16.0814 1.4640 -3.0805 1777598119.075213
16.0814 1.4640 -3.0805 1777598120.119983
16.0814 1.4640 -3.0805 1777598121.1655378
16.0814 1.4641 -3.0805 1777598122.221796
16.0814 1.4641 -3.0805 1777598123.310308
16.0814 1.4641 -3.0805 1777598124.4108574
16.0814 1.4641 -3.0805 1777598125.5243487
16.0814 1.4641 -3.0805 1777598126.5986965
16.0814 1.4641 -3.0805 1777598127.6683898
16.0814 1.4641 -3.0805 1777598128.7482467
16.0814 1.4641 -3.0805 1777598129.8214142
16.0814 1.4641 -3.0805 1777598130.8732975
16.0814 1.4641 -3.0805 1777598131.9206643
16.0814 1.4641 -3.0805 1777598132.967759
16.0814 1.4641 -3.0805 1777598134.0158267
16.0814 1.4641 -3.0805 1777598135.1000857
16.0814 1.4641 -3.0805 1777598136.200892
16.0814 1.4641 -3.0805 1777598137.258109
16.0814 1.4641 -3.0805 1777598138.3120449
16.0814 1.4641 -3.0805 1777598139.3647382
16.0814 1.4641 -3.0805 1777598140.419979
16.0814 1.4641 -3.0805 1777598141.4717946
16.0814 1.4641 -3.0805 1777598142.524422
16.0814 1.4641 -3.0805 1777598143.5760896
16.0814 1.4641 -3.0805 1777598144.623081
16.0814 1.4641 -3.0805 1777598145.6718795
16.0814 1.4641 -3.0805 1777598146.7619765
16.0814 1.4641 -3.0805 1777598147.8096004
16.0814 1.4641 -3.0805 1777598148.8629513
16.0814 1.4641 -3.0805 1777598149.9095955
16.0814 1.4641 -3.0805 1777598150.9571824
16.0814 1.4641 -3.0805 1777598152.0289752
16.0814 1.4641 -3.0805 1777598153.0830605
16.0814 1.4641 -3.0805 1777598154.135521
16.0814 1.4641 -3.0805 1777598155.2037401
16.0814 1.4641 -3.0805 1777598156.313982
16.0814 1.4641 -3.0805 1777598157.4032843
16.0814 1.4641 -3.0805 1777598158.483551
16.0814 1.4641 -3.0805 1777598159.5705311
16.0814 1.4641 -3.0805 1777598160.7192843
16.0814 1.4641 -3.0805 1777598161.7646933
16.0814 1.4641 -3.0805 1777598162.814149
16.0814 1.4641 -3.0805 1777598163.865304
16.0814 1.4641 -3.0805 1777598165.0583565
16.0814 1.4641 -3.0805 1777598166.1070724
16.0814 1.4641 -3.0805 1777598167.2571204
16.0814 1.4641 -3.0805 1777598168.3363314
16.0814 1.4641 -3.0805 1777598169.3922515
16.0814 1.4641 -3.0805 1777598170.579111
16.0814 1.4641 -3.0805 1777598171.642822
16.0814 1.4641 -3.0805 1777598172.695453
16.0814 1.4641 -3.0805 1777598173.746427
16.0814 1.4641 -3.0806 1777598174.8447397
16.0814 1.4641 -3.0806 1777598176.0521202
16.0814 1.4641 -3.0806 1777598177.1061263
16.0814 1.4641 -3.0805 1777598178.3272917
16.0814 1.4641 -3.0805 1777598179.4273908
16.0814 1.4641 -3.0806 1777598180.4820964
16.0814 1.4641 -3.0806 1777598181.5611408
16.0814 1.4641 -3.0805 1777598182.6403027
16.0814 1.4641 -3.0805 1777598183.7075377
16.0814 1.4641 -3.0805 1777598184.7569456
16.0814 1.4641 -3.0806 1777598185.8015513
16.0814 1.4641 -3.0806 1777598186.8642719
16.0814 1.4641 -3.0806 1777598188.0665052
16.0814 1.4641 -3.0806 1777598189.2041917
16.0814 1.4641 -3.0805 1777598190.3361742
16.0814 1.4641 -3.0805 1777598191.4179664
16.0814 1.4641 -3.0805 1777598192.4637852
16.0814 1.4641 -3.0805 1777598193.5368896
16.0814 1.4641 -3.0805 1777598194.5856493
16.0814 1.4641 -3.0805 1777598195.631541
16.0814 1.4641 -3.0806 1777598196.7012084
16.0814 1.4641 -3.0806 1777598197.796654
16.0814 1.4641 -3.0806 1777598199.0049398
16.0814 1.4641 -3.0806 1777598200.134162
16.0814 1.4641 -3.0805 1777598201.3776464
16.0814 1.4641 -3.0805 1777598202.6905222
16.0814 1.4641 -3.0805 1777598203.7902954
16.0814 1.4641 -3.0805 1777598204.891932
16.0814 1.4641 -3.0805 1777598205.9401495
16.0814 1.4641 -3.0805 1777598207.033252
16.0814 1.4641 -3.0805 1777598208.120729
16.0814 1.4641 -3.0805 1777598209.2122521
16.0814 1.4641 -3.0805 1777598210.4668891
16.0814 1.4641 -3.0805 1777598211.5468898
16.0814 1.4641 -3.0805 1777598212.6362007
16.0814 1.4641 -3.0806 1777598213.710731
16.0814 1.4641 -3.0805 1777598214.7717235
16.0814 1.4641 -3.0805 1777598215.840218
16.0814 1.4641 -3.0805 1777598216.9271514
16.0814 1.4641 -3.0805 1777598218.005705
16.0814 1.4641 -3.0806 1777598219.0621123
16.0814 1.4641 -3.0806 1777598220.1153965
16.0814 1.4641 -3.0806 1777598221.1594377
16.0814 1.4641 -3.0806 1777598222.2065196
16.0814 1.4641 -3.0806 1777598223.2901957
16.0814 1.4641 -3.0806 1777598224.3351226
16.0814 1.4641 -3.0805 1777598225.3949862
16.0814 1.4641 -3.0805 1777598226.440522
16.0814 1.4641 -3.0805 1777598227.4826145
16.0814 1.4641 -3.0805 1777598228.5333402
16.0814 1.4641 -3.0806 1777598229.574791
16.0814 1.4641 -3.0806 1777598230.6242867
16.0814 1.4641 -3.0805 1777598231.6812627
16.0814 1.4641 -3.0805 1777598232.754113
16.0814 1.4641 -3.0805 1777598233.8423676
16.0814 1.4641 -3.0805 1777598234.9388106
16.0814 1.4641 -3.0805 1777598236.030521
16.0814 1.4641 -3.0805 1777598237.0927515
16.0814 1.4641 -3.0805 1777598238.206346
16.0814 1.4641 -3.0805 1777598239.2855134
16.0814 1.4641 -3.0805 1777598240.416969
16.0814 1.4641 -3.0805 1777598241.4699662
16.0814 1.4641 -3.0805 1777598242.5387678
16.0814 1.4641 -3.0805 1777598243.6028605
16.0814 1.4641 -3.0805 1777598244.7156587
16.0814 1.4641 -3.0805 1777598245.7644634
16.0814 1.4641 -3.0805 1777598246.851697
16.0814 1.4641 -3.0805 1777598248.06419
16.0814 1.4641 -3.0805 1777598249.160279
16.0814 1.4641 -3.0805 1777598250.2563894
16.0814 1.4641 -3.0805 1777598251.3774917
16.0814 1.4641 -3.0805 1777598252.4640903
16.0814 1.4641 -3.0805 1777598253.5762987
16.0814 1.4641 -3.0805 1777598254.6402016
16.0814 1.4641 -3.0805 1777598255.7607918
16.0814 1.4641 -3.0805 1777598256.8074412
16.0814 1.4641 -3.0805 1777598257.8721514
16.0814 1.4641 -3.0805 1777598258.9228213
16.0814 1.4641 -3.0805 1777598259.970457
16.0814 1.4641 -3.0805 1777598261.024487
16.0814 1.4641 -3.0805 1777598262.079222
16.0814 1.4641 -3.0805 1777598263.1384246
16.0814 1.4641 -3.0805 1777598264.192263
16.0814 1.4641 -3.0805 1777598265.2478793
16.0814 1.4641 -3.0805 1777598266.3689978
16.0814 1.4641 -3.0805 1777598267.4796963
16.0814 1.4641 -3.0805 1777598268.6031704
16.0814 1.4641 -3.0805 1777598269.6786096
16.0814 1.4641 -3.0805 1777598270.853323
16.0814 1.4641 -3.0805 1777598271.925579
16.0814 1.4641 -3.0805 1777598273.0202024
16.0814 1.4641 -3.0805 1777598274.1385686
16.0814 1.4641 -3.0805 1777598275.2109315
16.0814 1.4641 -3.0805 1777598276.2554314
16.0814 1.4641 -3.0805 1777598277.4682572
16.0814 1.4641 -3.0805 1777598278.567365
16.0814 1.4641 -3.0805 1777598279.6148744
16.0814 1.4641 -3.0805 1777598280.6613715
16.0814 1.4641 -3.0805 1777598281.7152076
16.0814 1.4641 -3.0805 1777598282.7681398
16.0814 1.4641 -3.0805 1777598283.8631375
16.0814 1.4641 -3.0805 1777598284.945063
16.0814 1.4641 -3.0805 1777598285.9925852
16.0814 1.4641 -3.0805 1777598287.054897
16.0814 1.4641 -3.0805 1777598288.1445837
16.0814 1.4641 -3.0805 1777598289.2963398
16.0814 1.4641 -3.0805 1777598290.3532019
16.0814 1.4641 -3.0805 1777598291.411228
16.0814 1.4641 -3.0805 1777598292.4561183
16.0814 1.4641 -3.0805 1777598293.500412
16.0814 1.4641 -3.0805 1777598294.5491405
16.0814 1.4641 -3.0805 1777598295.60458
16.0814 1.4641 -3.0805 1777598296.6645305
16.0814 1.4641 -3.0805 1777598297.8017166
16.0814 1.4641 -3.0805 1777598298.9401996
16.0814 1.4641 -3.0805 1777598300.0042303
16.0814 1.4641 -3.0805 1777598301.088299
16.0814 1.4641 -3.0805 1777598302.2702491
16.0814 1.4641 -3.0805 1777598303.3883939
16.0814 1.4641 -3.0805 1777598304.4501834
16.0814 1.4641 -3.0805 1777598305.500354
16.0815 1.4641 -3.0805 1777598306.547704
16.0812 1.4637 -3.0812 1777598307.5930963
16.0814 1.4635 -3.0818 1777598308.6327326
16.0811 1.4637 -3.0813 1777598309.7309752
16.0811 1.4636 -3.0818 1777598310.7736835
16.0808 1.4638 -3.0809 1777598311.8209054
16.0809 1.4637 -3.0809 1777598312.8797836
16.0811 1.4634 -3.0806 1777598313.936557
16.0811 1.4634 -3.0804 1777598314.979269
16.0810 1.4634 -3.0804 1777598316.0293448
16.0810 1.4634 -3.0804 1777598317.1803415
16.0810 1.4634 -3.0804 1777598318.4116828
16.0810 1.4634 -3.0804 1777598319.5002155
16.0810 1.4634 -3.0804 1777598320.6129074
16.0810 1.4634 -3.0804 1777598321.8119297
16.0810 1.4634 -3.0804 1777598322.9725862
16.0810 1.4634 -3.0804 1777598324.1731002
16.0822 1.4634 -3.0775 1777598324.1821053
16.0824 1.4634 -3.0775 1777598325.2438529
16.0854 1.4643 -3.0764 1777598325.2491965
16.0856 1.4643 -3.0764 1777598326.2954516
16.2472 1.4791 -3.0958 1777598326.3003597
16.2473 1.4791 -3.0958 1777598327.378993
16.6131 1.5013 3.1172 1777598327.4302695
16.6136 1.5013 3.0956 1777598328.5161593
16.9836 1.4912 3.1293 1777598328.523645
16.9837 1.4912 3.1293 1777598329.7034655
17.5184 1.4625 2.9488 1777598329.70891
17.5186 1.4625 2.9487 1777598330.7783213
17.9169 1.4141 2.9939 1777598330.7881196
17.9170 1.4140 2.9938 1777598331.864929
18.4865 1.3426 2.8685 1777598331.8700256
18.4866 1.3426 2.8692 1777598332.9239714
18.8999 1.1003 2.2148 1777598332.976831
18.9000 1.1001 2.2142 1777598334.0316436
19.1764 0.7585 2.4473 1777598334.0369234
19.1765 0.7584 2.4479 1777598335.082347
19.5872 0.4672 2.5151 1777598335.0921948
19.5874 0.4671 2.5154 1777598336.1364157
19.9179 0.2830 2.8999 1777598336.1437979
19.9181 0.2829 2.8994 1777598337.196377
20.1110 0.2565 3.1101 1777598337.2016299
20.1112 0.2565 3.1100 1777598338.246299
20.1103 0.2577 3.1117 1777598338.2938173
20.1103 0.2577 3.1117 1777598339.3380725
20.1094 0.2573 3.1144 1777598339.3502045
20.1093 0.2574 3.1144 1777598340.4075265
20.1082 0.2565 3.1136 1777598340.412686
20.1084 0.2565 3.1112 1777598341.4584765
20.1090 0.2571 3.1094 1777598341.4632237
20.1092 0.2571 3.1090 1777598342.5074363
20.1091 0.2575 3.1094 1777598342.5282607
20.1092 0.2575 3.1093 1777598343.6425123
20.1094 0.2590 3.1037 1777598343.699779
20.1095 0.2591 3.1049 1777598344.745703
20.1097 0.2590 3.1028 1777598345.7934568
20.1097 0.2589 3.1028 1777598346.8602147
20.1098 0.2590 3.1034 1777598347.9067566
20.1098 0.2588 3.1033 1777598348.954657
20.1099 0.2587 3.1035 1777598350.0124593
20.1099 0.2588 3.1035 1777598351.067513
20.1099 0.2588 3.1035 1777598352.1723382
20.1100 0.2588 3.1035 1777598353.3115976
20.1100 0.2589 3.1037 1777598354.5677688
20.1100 0.2588 3.1037 1777598355.6451414
20.1100 0.2589 3.1037 1777598356.7383943
20.1100 0.2588 3.1040 1777598357.8730218
20.1100 0.2588 3.1044 1777598358.9837658
20.1099 0.2588 3.1045 1777598360.092416
20.1099 0.2588 3.1044 1777598361.2049203
20.1099 0.2588 3.1045 1777598362.2549217
20.1098 0.2588 3.1044 1777598363.3000543
20.1098 0.2588 3.1045 1777598364.3682613
20.1098 0.2588 3.1046 1777598365.588771
20.1098 0.2588 3.1048 1777598366.6814666
20.1098 0.2588 3.1047 1777598367.7441373
20.1098 0.2588 3.1048 1777598368.8105059
20.1098 0.2588 3.1047 1777598369.8630712
20.1098 0.2588 3.1047 1777598370.9115994
20.1098 0.2588 3.1044 1777598371.9699721
20.1098 0.2588 3.1045 1777598373.02437
20.1098 0.2588 3.1045 1777598374.1243808
20.1098 0.2588 3.1045 1777598375.214844
20.1098 0.2588 3.1045 1777598376.3240814
20.1098 0.2588 3.1045 1777598377.440081
20.1098 0.2588 3.1045 1777598378.5443609
20.1096 0.2588 3.1045 1777598379.6162243
20.1008 0.2691 3.1108 1777598380.7125275
20.0790 0.2886 3.1394 1777598381.762407
20.0814 0.2904 3.1412 1777598382.8522837
20.0850 0.2894 3.1206 1777598383.9500246
20.0800 0.2932 3.1128 1777598385.0036547
20.0802 0.2933 3.1129 1777598386.0539162
20.0805 0.2932 3.1129 1777598387.2096121
20.0805 0.2932 3.1129 1777598388.2674193
20.0806 0.2932 3.1129 1777598389.3859746
20.0799 0.2931 3.1145 1777598390.4999707
20.0814 0.2821 3.0865 1777598391.6010945
20.0813 0.2835 3.0830 1777598392.6819313
20.0714 0.2895 3.1117 1777598393.8280327
20.0702 0.2920 3.1164 1777598394.8928788
20.0709 0.2920 3.1164 1777598395.9484026
20.0717 0.2920 3.1164 1777598397.0835166
20.0717 0.2921 3.1164 1777598398.2746668
20.0717 0.2920 3.1164 1777598399.3600843
20.0717 0.2920 3.1164 1777598400.4422026
20.0718 0.2921 3.1163 1777598401.487794
20.0718 0.2920 3.1163 1777598402.5397913
20.0718 0.2920 3.1163 1777598403.5903485
20.0719 0.2920 3.1162 1777598404.6442354
20.0719 0.2921 3.1162 1777598405.776283
20.0720 0.2921 3.1175 1777598406.866818
20.0873 0.2926 3.1189 1777598406.871847
20.0875 0.2926 3.1189 1777598407.9864476
20.0876 0.2915 3.1212 1777598407.9963534
20.0878 0.2915 3.1212 1777598409.054855
20.2123 0.2932 3.1177 1777598409.0598881
20.2125 0.2932 3.1177 1777598410.1069784
20.5414 0.2908 3.1204 1777598410.1147234
20.5418 0.2908 3.1204 1777598411.1832874
20.9861 0.2921 3.1075 1777598411.1997118
20.9863 0.2920 3.1074 1777598412.2772267
21.5254 0.2976 3.1141 1777598412.2819054
21.5255 0.2975 3.1140 1777598413.3787172
22.0110 0.2930 3.0679 1777598413.388273
22.0111 0.2930 3.0679 1777598414.4344394
22.6367 0.2584 3.0670 1777598414.4442198
22.6369 0.2584 3.0679 1777598415.5019062
23.0482 0.3278 -2.7904 1777598415.5242102
23.0484 0.3278 -2.7903 1777598416.5854807
23.4995 0.4582 -3.0730 1777598416.591342
23.4997 0.4582 -3.0730 1777598417.638389
23.9708 0.4748 3.0332 1777598417.6437201
23.9710 0.4748 3.0332 1777598418.7488756
24.4640 0.4290 3.0048 1777598418.753768
24.4642 0.4290 3.0048 1777598419.7989993
24.9553 0.3634 2.9060 1777598419.8041499
24.9557 0.3633 2.9057 1777598420.8522363
25.6527 0.2908 3.0245 1777598420.8631585
25.6529 0.2908 3.0248 1777598421.9314096
26.1560 0.1393 2.5699 1777598421.936612
26.1561 0.1392 2.5703 1777598422.9802814
26.5557 -0.2825 1.9550 1777598422.991048
26.5558 -0.2827 1.9555 1777598424.094477
26.6616 -0.7376 1.4554 1777598424.1021218
26.6616 -0.7377 1.4537 1777598425.1483045
26.5481 -1.2406 1.4240 1777598425.1530488
26.5480 -1.2408 1.4239 1777598426.208748
26.5461 -1.6918 1.5790 1777598426.213662
26.5461 -1.6919 1.5789 1777598427.2583778
26.5694 -2.1680 1.6058 1777598427.2630327
26.5694 -2.1682 1.6057 1777598428.3123353
26.6100 -2.6321 1.5865 1777598428.3174446
26.6100 -2.6323 1.5864 1777598429.420876
26.6255 -3.2921 1.5669 1777598429.42573
26.6255 -3.2923 1.5668 1777598430.472001
26.6472 -3.8249 1.5900 1777598430.4771059
26.6472 -3.8251 1.5900 1777598431.5333068
26.7014 -4.3552 1.6551 1777598431.5393062
26.7014 -4.3554 1.6548 1777598432.5854437
26.8844 -4.9004 2.1676 1777598432.5947003
26.8845 -4.9005 2.1668 1777598433.658086
27.2223 -5.2543 2.4826 1777598433.6803305
27.2224 -5.2544 2.4835 1777598434.8252337
27.6623 -5.5728 2.0079 1777598434.8300183
27.6624 -5.5730 2.0080 1777598435.8792043
27.8170 -6.0907 1.5603 1777598435.8839762
27.8170 -6.0908 1.5603 1777598436.9303756
27.7824 -6.5323 1.4089 1777598436.935457
27.7824 -6.5325 1.4089 1777598437.9838738
27.6836 -7.0547 1.3511 1777598437.9895964
27.6835 -7.0549 1.3510 1777598439.040205
27.5718 -7.5762 1.3627 1777598439.0449452
27.5718 -7.5764 1.3626 1777598440.1444669
27.4743 -8.1360 1.3911 1777598440.1520681
27.4742 -8.1362 1.3909 1777598441.2027698
27.4228 -8.7002 1.5459 1777598441.2083716
27.4228 -8.7004 1.5458 1777598442.2605128
27.4227 -9.2801 1.5301 1777598442.27213
27.4227 -9.2803 1.5300 1777598443.3249178
27.4252 -9.7546 1.5692 1777598443.3308206
27.4252 -9.7547 1.5691 1777598444.39933
27.4484 -10.1657 1.5812 1777598444.412159
27.4484 -10.1657 1.5812 1777598445.5193024
27.4909 -10.4677 1.7813 1777598445.5289488
27.4909 -10.4679 1.7777 1777598446.6100829
27.5768 -10.8517 1.7119 1777598446.6160486
27.5768 -10.8519 1.7104 1777598447.7032826
27.6305 -11.2542 1.6177 1777598447.7106423
27.6305 -11.2544 1.6175 1777598448.889695
27.6801 -11.7122 1.6766 1777598448.9002495
27.6801 -11.7124 1.6766 1777598449.9653072
27.7258 -12.0689 1.6048 1777598449.970385
27.7258 -12.0691 1.6047 1777598451.1084597
27.7493 -12.6136 1.5459 1777598451.116064
27.7493 -12.6138 1.5456 1777598452.1825168
27.7583 -13.0915 1.6517 1777598452.1927614
27.7583 -13.0915 1.6517 1777598453.2521412
27.8293 -13.6390 1.5958 1777598453.2576447
27.8293 -13.6392 1.5960 1777598454.3088076
27.7833 -14.1241 1.2858 1777598454.313557
27.7832 -14.1243 1.2846 1777598455.3608463
27.6906 -14.4510 1.4231 1777598455.37233
27.6906 -14.4512 1.4232 1777598456.4690256
27.7949 -15.0271 1.9156 1777598456.473914
27.7950 -15.0273 1.9130 1777598457.5202253
28.0471 -15.5388 2.1860 1777598457.526343
28.0472 -15.5390 2.1861 1777598458.5700228
28.3591 -16.0410 1.8913 1777598458.5747874
28.3591 -16.0412 1.8913 1777598459.6200187
28.4887 -16.5261 1.6982 1777598459.6251168
28.4887 -16.5263 1.6982 1777598460.6725547
28.5285 -17.2242 1.4806 1777598460.6839945
28.5285 -17.2244 1.4805 1777598461.813251
28.4855 -17.8340 1.4733 1777598461.819516
28.4855 -17.8343 1.4723 1777598462.8948047
28.5027 -18.4700 1.6254 1777598462.9042792
28.5027 -18.4702 1.6256 1777598463.9899113
28.6080 -19.1189 1.7085 1777598463.9947872
28.6080 -19.1191 1.7085 1777598465.0442502
28.6837 -19.6631 1.6590 1777598465.0495958
28.6837 -19.6634 1.6590 1777598466.0969865
28.7577 -20.3376 1.5930 1777598466.108147
28.7577 -20.3378 1.5930 1777598467.2423005
28.7753 -20.9046 1.7528 1777598467.247345
28.7754 -20.9047 1.7531 1777598468.2976775
28.9091 -21.5040 1.6282 1777598468.30343
28.9091 -21.5042 1.6286 1777598469.3562565
28.8831 -21.9205 1.1208 1777598469.3620198
28.8830 -21.9207 1.1212 1777598470.4063413
28.5182 -22.3901 0.4397 1777598470.4111383
28.5182 -22.3901 0.4397 1777598471.4547524
28.0954 -22.5312 0.2036 1777598471.4605525
28.0953 -22.5313 0.2054 1777598472.5605676
27.5832 -22.7727 0.7368 1777598472.5654364
27.5830 -22.7728 0.7369 1777598473.6127553
27.1858 -23.1206 0.4713 1777598473.6171386
27.1856 -23.1207 0.4713 1777598474.6642122
26.6343 -23.3357 0.1662 1777598474.668921
26.6341 -23.3358 0.1648 1777598475.7192726
26.0105 -23.4077 0.0029 1777598475.7239919
26.0103 -23.4077 0.0028 1777598476.7683713
25.4894 -23.4411 0.0660 1777598476.7729778
25.4892 -23.4411 0.0659 1777598477.8810039
24.9016 -23.5012 0.0914 1777598477.8859823
24.9015 -23.5012 0.0913 1777598478.9326127
24.3268 -23.5938 0.1710 1777598478.9372883
24.3266 -23.5939 0.1708 1777598480.007467
23.7760 -23.6988 0.1438 1777598480.0243137
23.7758 -23.6988 0.1437 1777598481.1007037
23.2355 -23.8009 0.1543 1777598481.1087158
23.2354 -23.8009 0.1542 1777598482.1618562
22.7365 -23.8979 0.1886 1777598482.1674116
22.7362 -23.8980 0.1885 1777598483.2909844
22.3115 -24.0171 0.2266 1777598483.3000767
22.3113 -24.0172 0.2266 1777598484.3965333
21.8799 -24.1441 0.2271 1777598484.4021773
21.8797 -24.1442 0.2269 1777598485.4622958
21.4052 -24.2581 0.1701 1777598485.4674447
21.4050 -24.2581 0.1701 1777598486.5877824
20.9246 -24.3608 0.1743 1777598486.5931332
20.9243 -24.3608 0.1742 1777598487.6832905
20.3961 -24.5014 0.1927 1777598487.6933975
20.3959 -24.5014 0.1927 1777598488.8208315
19.7805 -24.6385 0.2177 1777598488.826363
19.7803 -24.6386 0.2176 1777598489.9092708
19.2938 -24.7701 0.2137 1777598489.9146824
19.2937 -24.7702 0.2137 1777598490.9834986
18.7631 -24.8772 0.1309 1777598490.988789
18.7629 -24.8772 0.1309 1777598492.0396483
18.2455 -24.9509 0.1319 1777598492.0485733
18.2453 -24.9510 0.1318 1777598493.0964937
17.7775 -25.0294 0.1207 1777598493.1026745
17.7774 -25.0295 0.1206 1777598494.2111423
17.3093 -25.0951 0.1184 1777598494.2241485
17.3091 -25.0952 0.1183 1777598495.3848083
16.7844 -25.1761 0.1195 1777598495.3902245
16.7842 -25.1761 0.1195 1777598496.438242
16.3373 -25.2516 0.1929 1777598496.443063
16.3371 -25.2516 0.1927 1777598497.4895687
15.8795 -25.3731 0.2630 1777598497.500148
15.8793 -25.3732 0.2630 1777598498.5683818
15.2654 -25.4910 0.0647 1777598498.5734031
15.2652 -25.4910 0.0647 1777598499.673786
14.7330 -25.5283 0.0459 1777598499.6923068
14.7329 -25.5283 0.0458 1777598500.7416615
14.2573 -25.5639 0.0431 1777598500.7489643
14.2571 -25.5639 0.0430 1777598501.8041873
13.6044 -25.6108 0.0260 1777598501.8162673
13.6042 -25.6108 0.0259 1777598502.8753347
13.1273 -25.6354 0.0993 1777598502.8801105
13.1271 -25.6354 0.0992 1777598503.924409
12.6225 -25.7151 0.1115 1777598503.93364
12.6223 -25.7152 0.1114 1777598505.1086752
11.9456 -25.7822 0.0461 1777598505.1138766
11.9455 -25.7822 0.0460 1777598506.1590219
11.4779 -25.8164 0.0747 1777598506.1637213
11.4777 -25.8164 0.0746 1777598507.2174792
10.9979 -25.8874 0.0989 1777598507.222815
10.9976 -25.8875 0.0988 1777598508.2742188
10.4269 -25.9591 0.2017 1777598508.2806363
10.4266 -25.9592 0.2017 1777598509.3550436
9.9557 -26.0780 0.1649 1777598509.362973
9.9553 -26.0780 0.1648 1777598510.5169868
9.3865 -26.2294 0.2351 1777598510.5234919
9.3866 -26.2294 0.2350 1777598511.6115868
8.8907 -26.3382 0.0846 1777598511.6163933
8.8905 -26.3383 0.0856 1777598512.6893473
8.4313 -26.3474 -0.3895 1777598512.7081058
8.4313 -26.3474 -0.3895 1777598513.7504275
8.0935 -26.1251 -1.0387 1777598513.7609994
8.0935 -26.1251 -1.0387 1777598514.8130085
8.0596 -26.1339 -1.0592 1777598514.8176415
8.0596 -26.1339 -1.0592 1777598515.9722729
8.0620 -26.1330 -1.0620 1777598515.9976068
8.0620 -26.1330 -1.0620 1777598517.121554
8.0658 -26.1316 -1.0572 1777598517.1402516
8.0658 -26.1316 -1.0572 1777598518.2011275
8.0732 -26.1299 -1.0591 1777598518.2087445
8.0732 -26.1299 -1.0591 1777598519.288598
8.0941 -26.1259 -1.0531 1777598519.2936466
8.0942 -26.1262 -1.0531 1777598520.3455894
8.0997 -26.4579 0.4475 1777598520.3597975
8.0994 -26.4580 0.4473 1777598521.5963223
7.9296 -26.5418 0.4356 1777598521.6076415
7.9294 -26.5419 0.4354 1777598522.664447
7.6784 -26.6687 0.4127 1777598522.6922278
7.6783 -26.6688 0.4126 1777598523.7697892
7.4544 -26.7717 0.3891 1777598523.7749946
7.4542 -26.7718 0.3889 1777598524.8256478
7.4547 -26.7714 0.3875 1777598524.8313346
7.4545 -26.7715 0.3874 1777598525.9404283
7.4537 -26.7719 0.3882 1777598525.9583623
7.4536 -26.7720 0.3881 1777598527.145644
7.4391 -26.7790 0.3875 1777598527.1504722
7.4389 -26.7791 0.3885 1777598528.2047796
7.4360 -26.7806 0.3860 1777598528.2130594
7.4357 -26.7807 0.3859 1777598529.2861714
7.4193 -26.7884 0.3836 1777598529.2932463
7.4191 -26.7885 0.3835 1777598530.3405392
7.4177 -26.7889 0.3832 1777598530.3481383
7.4175 -26.7890 0.3831 1777598531.4751596
7.4171 -26.7888 0.3812 1777598531.4922347
7.4170 -26.7889 0.3811 1777598532.6579835
7.4230 -26.7859 0.3810 1777598532.672557
7.4229 -26.7860 0.3809 1777598533.740798
7.2045 -26.8793 0.3815 1777598533.74687
7.2043 -26.8794 0.3814 1777598534.8659976
6.7587 -27.0932 0.3563 1777598534.871345
6.7585 -27.0933 0.3562 1777598535.9237614
6.3773 -27.2366 0.4220 1777598535.9295225
6.3771 -27.2368 0.4219 1777598536.9844534
5.9027 -27.4889 0.5059 1777598536.995205
5.9025 -27.4890 0.5059 1777598538.143832
5.4893 -27.7751 0.6347 1777598538.1493332
5.4891 -27.7752 0.6347 1777598539.2029002
5.1313 -28.0353 0.5078 1777598539.2087731
5.1311 -28.0354 0.5078 1777598540.2547183
4.6282 -28.3204 0.4114 1777598540.2596471
4.6280 -28.3205 0.4113 1777598541.308978
4.2139 -28.5099 0.4310 1777598541.3137712
4.2138 -28.5099 0.4310 1777598542.3804128
3.7906 -28.7221 0.4076 1777598542.3941581
3.7905 -28.7221 0.4075 1777598543.5468137
3.1573 -29.0238 0.4084 1777598543.5601099
3.1569 -29.0240 0.4080 1777598544.632359
2.7501 -29.2617 0.5078 1777598544.647185
2.7499 -29.2619 0.5078 1777598545.7414825
2.2769 -29.5112 0.4191 1777598545.75156
2.2767 -29.5113 0.4190 1777598546.8431993
1.7639 -29.7836 0.5412 1777598546.8499727
1.7637 -29.7837 0.5411 1777598547.9122465
1.4379 -30.0156 0.6274 1777598547.9282014
1.4378 -30.0157 0.6274 1777598549.0504556
1.0660 -30.2780 0.4884 1777598549.0572681
1.0658 -30.2781 0.4884 1777598550.1122873
0.5597 -30.5553 0.4233 1777598550.1282465
0.5595 -30.5554 0.4238 1777598551.2880604
0.0200 -30.7166 -0.1114 1777598551.3085175
0.0198 -30.7166 -0.1118 1777598552.4613936
-0.5209 -30.5471 -0.4538 1777598552.4665902
-0.5212 -30.5470 -0.4558 1777598553.5182862
-1.0878 -30.4118 0.2409 1777598553.525107
-1.0879 -30.4118 0.2404 1777598554.636347
-1.4759 -30.5994 0.7896 1777598554.6414876
-1.4760 -30.5995 0.7906 1777598555.7004356
-1.7025 -31.0780 1.5460 1777598555.7058427
-1.7025 -31.0782 1.5090 1777598556.757329
-1.5540 -31.6369 2.2219 1777598556.7619965
-1.5538 -31.6370 2.2248 1777598557.8064504
-1.3646 -31.8553 2.4249 1777598557.8123264
-1.3645 -31.8554 2.4259 1777598558.860892
-1.1662 -31.9726 2.6426 1777598558.8675473
-1.1662 -31.9726 2.6426 1777598560.005127
-1.1543 -31.9813 2.6497 1777598560.0230954
-1.1544 -31.9812 2.6497 1777598561.1088583
-1.1125 -31.9552 2.6511 1777598561.1185572
-1.1125 -31.9552 2.6511 1777598562.2500265
-1.1105 -31.9337 2.6632 1777598562.2601337
-1.1106 -31.9336 2.6632 1777598563.382053
-1.4535 -31.1037 0.8155 1777598563.3877141
-1.4537 -31.1039 0.8140 1777598564.4470825
-1.5408 -30.8047 -0.0883 1777598564.4516394
-1.5410 -30.8047 -0.0893 1777598565.5808585
-1.8928 -30.6075 -0.6942 1777598565.5871232
-1.8930 -30.6073 -0.6953 1777598566.6775959
-1.9105 -30.5910 -0.7079 1777598566.7051215
-1.9099 -30.5904 -0.7060 1777598567.8642159
-1.9100 -30.5907 -0.7073 1777598568.9077272
-1.9102 -30.5911 -0.7076 1777598569.9563308
-1.9100 -30.5917 -0.7092 1777598570.9996238
-1.9098 -30.5919 -0.7080 1777598572.1831021
-1.9098 -30.5917 -0.7080 1777598573.3001132
-1.9099 -30.5916 -0.7076 1777598574.5928059
-1.9103 -30.5913 -0.7081 1777598575.9284787
-1.9105 -30.5912 -0.7088 1777598577.1614614
-1.9208 -30.5807 -0.7093 1777598577.1697445
-1.9210 -30.5805 -0.7081 1777598578.3397143
-1.9375 -30.5668 -0.7165 1777598578.3670712
-1.9377 -30.5666 -0.7155 1777598579.6121547
-2.1162 -30.3853 -1.0676 1777598579.6238825
-2.1163 -30.3851 -1.0809 1777598580.7630498
-2.2291 -30.1546 -0.9970 1777598580.7816906
-2.2292 -30.1544 -0.9971 1777598582.0260506
-2.6665 -29.6951 -0.9380 1777598582.031584
-2.6665 -29.6951 -0.9380 1777598583.2164514
-2.8806 -29.2994 -1.1873 1777598583.228498
-2.8807 -29.2992 -1.1874 1777598584.3582458
-3.0095 -29.0088 -0.8432 1777598584.366409
-3.0096 -29.0087 -0.8433 1777598585.419339
-3.5722 -28.6430 -0.5564 1777598585.430141
-3.5723 -28.6429 -0.5564 1777598586.477382
-4.0428 -28.3323 -0.7225 1777598586.4869127
-4.0429 -28.3322 -0.7225 1777598587.6233444
-4.4969 -27.8976 -0.8451 1777598587.6288185
-4.4972 -27.8973 -0.8454 1777598588.6806543
-4.9421 -27.4490 -0.8229 1777598588.6962156
-4.9423 -27.4489 -0.8230 1777598589.7522445
-5.3430 -27.0592 -0.7236 1777598589.7600758
-5.3431 -27.0590 -0.7228 1777598590.8100007
-5.6854 -26.7507 -0.8981 1777598590.8191943
-5.6856 -26.7505 -0.8980 1777598591.8732948
-5.9309 -26.4094 -1.0385 1777598591.8800719
-5.9310 -26.4093 -1.0374 1777598592.9900365
-6.3394 -25.8793 -0.8801 1777598592.9951742
-6.3395 -25.8792 -0.8802 1777598594.042325
-6.6741 -25.4397 -1.0019 1777598594.0473425
-6.6740 -25.4398 -1.0019 1777598595.0943885
-6.9829 -24.9856 -0.7271 1777598595.0995126
-6.9830 -24.9855 -0.7261 1777598596.138724
-7.1558 -24.8636 -0.5954 1777598596.1434546
-7.1561 -24.8634 -0.5955 1777598597.18918
-7.4372 -24.6863 -0.6088 1777598597.1951709
-7.4374 -24.6862 -0.6089 1777598598.3035822
-7.8637 -24.3992 -0.6532 1777598598.3091557
-7.8638 -24.3990 -0.6533 1777598599.3591356
-8.3812 -24.0330 -0.6725 1777598599.3711364
-8.3814 -24.0328 -0.6726 1777598600.4323692
-8.8994 -23.6442 -0.6514 1777598600.4373007
-8.8995 -23.6441 -0.6515 1777598601.4838564
-9.3852 -23.2775 -0.7337 1777598601.4963064
-9.3853 -23.2774 -0.7338 1777598602.5466743
-9.9749 -22.7635 -0.7943 1777598602.551848
-9.9751 -22.7633 -0.7944 1777598603.6645873
-10.4897 -22.2767 -0.7839 1777598603.6705756
-10.4898 -22.2766 -0.7840 1777598604.7196062
-10.9353 -21.8524 -0.7853 1777598604.724438
-10.9354 -21.8523 -0.7854 1777598605.810485
-11.4547 -21.4025 -0.6688 1777598605.815482
-11.4549 -21.4024 -0.6689 1777598606.868091
-11.9552 -21.0629 -0.6956 1777598606.8731034
-11.9553 -21.0628 -0.6957 1777598608.0297077
-12.4472 -20.6627 -0.7461 1777598608.0347538
-12.4474 -20.6626 -0.7463 1777598609.1464293
-12.9248 -20.2325 -0.7051 1777598609.1522803
-12.9249 -20.2324 -0.7052 1777598610.212638
-13.4566 -19.9069 -0.5502 1777598610.2178612
-13.4567 -19.9068 -0.5502 1777598611.266863
-14.0119 -19.5953 -0.6878 1777598611.2718928
-14.0120 -19.5952 -0.6878 1777598612.3194413
-14.4341 -19.2308 -0.7894 1777598612.3281488
-14.4343 -19.2306 -0.7895 1777598613.3822095
-15.0023 -18.6779 -0.8245 1777598613.3876004
-15.0024 -18.6777 -0.8246 1777598614.4959908
-15.4259 -18.2445 -0.8177 1777598614.5069506
-15.4261 -18.2443 -0.8178 1777598615.5928771
-15.9273 -17.7234 -0.9292 1777598615.600474
-15.9274 -17.7232 -0.9288 1777598616.660873
-16.1599 -16.9382 -1.8798 1777598616.6706698
-16.1598 -16.9381 -1.8813 1777598617.7351031
-15.8716 -16.4604 -2.3631 1777598617.7398834
-15.8714 -16.4602 -2.3633 1777598618.7846215
-15.5260 -16.0530 -2.2418 1777598618.7900999
-15.5259 -16.0529 -2.2419 1777598619.8994772
-15.1007 -15.5031 -2.3228 1777598619.904626
-15.1006 -15.5029 -2.3229 1777598620.9547064
-14.5806 -14.8870 -2.3175 1777598620.9621794
-14.5805 -14.8869 -2.3176 1777598622.0231507
-14.1994 -14.4625 -2.3258 1777598622.0308812
-14.1993 -14.4624 -2.3258 1777598623.0780525
-13.8167 -14.0447 -2.3559 1777598623.0840566
-13.8166 -14.0446 -2.3560 1777598624.1386106
-13.3095 -13.5200 -2.3779 1777598624.1433606
-13.3094 -13.5199 -2.3781 1777598625.2595606
-12.8691 -13.0577 -2.3338 1777598625.266489
-12.8690 -13.0576 -2.3339 1777598626.314841
-12.5140 -12.6605 -2.3336 1777598626.319644
-12.5139 -12.6604 -2.3337 1777598627.3758943
-12.0765 -12.1754 -2.3191 1777598627.3841598
-12.0763 -12.1753 -2.3192 1777598628.43586
-11.6210 -11.6444 -2.2413 1777598628.4407995
-11.6209 -11.6442 -2.2413 1777598629.5006447
-11.3646 -11.2513 -2.2931 1777598629.5056345
-11.3645 -11.2511 -2.2931 1777598630.622247
-10.9908 -10.8057 -2.3253 1777598630.6306326
-10.9907 -10.8056 -2.3254 1777598631.6988125
-10.5689 -10.3412 -2.3385 1777598631.705003
-10.5688 -10.3411 -2.3386 1777598632.7567098
-10.1668 -9.9074 -2.3592 1777598632.7614067
-10.1667 -9.9073 -2.3593 1777598633.8124588
-9.7234 -9.4410 -2.3523 1777598633.822803
-9.7232 -9.4409 -2.3524 1777598634.8899035
-9.3351 -9.0177 -2.3517 1777598634.9041214
-9.3347 -9.0174 -2.3520 1777598636.0164804
-8.8780 -8.5022 -2.2883 1777598636.022182
-8.8779 -8.5021 -2.2884 1777598637.0691006
-8.4541 -7.9703 -2.2676 1777598637.0779178
-8.4540 -7.9702 -2.2677 1777598638.1261117
-8.4307 -7.9360 -2.2962 1777598638.131058
-8.4305 -7.9357 -2.2964 1777598639.1797643
-8.4788 -7.9881 -2.3307 1777598639.1867516
-8.4786 -7.9880 -2.3309 1777598640.2290626
-8.6642 -7.8902 -2.8698 1777598640.2340946
-8.6641 -7.8901 -2.8699 1777598641.337436
-9.3405 -7.1785 -2.8213 1777598641.3430712
-9.3402 -7.1784 -2.8215 1777598642.3929207
-9.9006 -6.0621 -2.7531 1777598642.3983583
-9.9005 -6.0620 -2.7532 1777598643.4429069
-9.9978 -5.1367 2.9213 1777598643.4480608
-9.9976 -5.1367 2.9212 1777598644.4929633
-9.8583 -4.4906 2.2717 1777598644.497966
-9.6773 -4.2671 2.0803 1777598645.5550878
-9.6958 -4.2534 2.0779 1777598646.6054707
-9.6925 -4.2594 2.0789 1777598647.7242138
-9.6962 -4.2525 2.0782 1777598648.8670912
-9.6966 -4.2518 2.0780 1777598649.910457
-9.6983 -4.2503 2.0787 1777598650.9542034
-9.6962 -4.2513 2.0787 1777598651.9997177
-9.6936 -4.2542 2.0791 1777598653.0466332
-9.6986 -4.2519 2.0793 1777598654.0910938
-9.7018 -4.2484 2.0799 1777598655.1304123
-9.7031 -4.2486 2.0792 1777598656.1683824
-9.7031 -4.2479 2.0791 1777598657.2141533
-9.7014 -4.2487 2.0786 1777598658.3175511
-9.7002 -4.2501 2.0790 1777598659.3677516
-9.6990 -4.2508 2.0789 1777598660.4489217
-9.6992 -4.2510 2.0791 1777598661.4935024
-9.6996 -4.2510 2.0791 1777598662.5468156
-9.6993 -4.2515 2.0791 1777598663.5901225
-9.6992 -4.2515 2.0792 1777598664.634726
-9.6990 -4.2517 2.0793 1777598665.684552
-9.6998 -4.2508 2.0793 1777598666.7288811
-9.6996 -4.2510 2.0793 1777598667.776093
-9.7007 -4.2510 2.0798 1777598668.8942482
-9.7010 -4.2507 2.0798 1777598669.9707818
-9.7010 -4.2512 2.0799 1777598671.0373268
-9.7010 -4.2510 2.0799 1777598672.0838842
-9.7010 -4.2512 2.0797 1777598673.1266384
-9.7011 -4.2511 2.0798 1777598674.1684217
