16.0000 1.5000 -3.1416 1777577919.0807896
15.9978 1.5000 3.1411 1777577920.848841
15.9978 1.5000 3.1411 1777577922.4374006
16.0137 1.4991 3.1367 1777577922.4564936
16.0137 1.4991 3.1367 1777577923.9510648
16.0214 1.4980 3.1358 1777577923.9564898
16.0214 1.4980 3.1358 1777577925.428585
16.0351 1.4971 3.1330 1777577925.4342
16.0351 1.4971 3.1330 1777577926.881678
16.0485 1.4970 3.1315 1777577926.8876066
16.0485 1.4970 3.1315 1777577928.3116057
16.1022 1.4942 3.1238 1777577928.3192742
16.1022 1.4942 3.1238 1777577929.701282
16.1395 1.4922 3.1189 1777577929.7066042
16.1395 1.4922 3.1189 1777577931.097427
16.1416 1.4915 3.1186 1777577931.1043139
16.1416 1.4915 3.1186 1777577932.5589237
16.1335 1.4932 3.1230 1777577932.5681612
16.1335 1.4932 3.1230 1777577933.9393065
16.1091 1.4952 3.1254 1777577933.9603267
16.1091 1.4952 3.1254 1777577935.3693538
16.1267 1.4929 3.1192 1777577935.3762493
16.1267 1.4929 3.1192 1777577936.7308035
16.1534 1.4914 3.1158 1777577936.7440548
16.1510 1.4912 3.1175 1777577938.128942
16.1590 1.4907 3.1156 1777577939.488029
16.1608 1.4908 3.1143 1777577940.8624015
16.1578 1.4912 3.1149 1777577942.254779
16.1557 1.4916 3.1156 1777577943.640404
16.1542 1.4918 3.1164 1777577945.0076866
16.1522 1.4919 3.1168 1777577946.388921
16.1512 1.4920 3.1171 1777577947.7583926
16.1508 1.4920 3.1174 1777577949.1182244
16.1508 1.4919 3.1173 1777577950.4863021
16.1507 1.4920 3.1174 1777577951.849139
16.1508 1.4920 3.1173 1777577953.2168567
16.1509 1.4919 3.1172 1777577954.5822554
16.1504 1.4919 3.1171 1777577955.9509668
16.1506 1.4920 3.1170 1777577957.309449
16.1504 1.4920 3.1173 1777577958.7350888
16.1503 1.4920 3.1173 1777577960.1122336
16.1503 1.4920 3.1173 1777577961.4851909
16.1545 1.4907 3.1146 1777577961.5071745
16.1545 1.4907 3.1146 1777577962.906423
16.1437 1.4916 3.1144 1777577962.9135058
16.1434 1.4916 3.1144 1777577964.262521
16.0092 1.4886 3.1265 1777577964.2803996
16.0086 1.4887 3.1264 1777577965.6386955
15.8431 1.4828 3.1316 1777577965.6562843
15.8425 1.4828 3.1316 1777577967.0142868
15.4681 1.4863 3.0752 1777577967.0234022
15.4678 1.4864 3.0752 1777577968.3676734
15.3030 1.4905 3.0771 1777577968.3762746
15.3024 1.4905 3.0770 1777577969.7724721
14.9994 1.4992 3.0673 1777577969.778275
14.9992 1.4992 3.0673 1777577971.1311092
14.6334 1.5142 3.0605 1777577971.1482775
14.6330 1.5142 3.0605 1777577972.59836
14.5723 1.5152 3.0597 1777577972.6078486
14.5719 1.5152 3.0597 1777577974.144643
14.1721 1.5268 3.0757 1777577974.1600077
14.1715 1.5268 3.0757 1777577975.552368
13.9965 1.5317 3.0752 1777577975.557527
13.9965 1.5317 3.0752 1777577976.9011927
13.7797 1.5402 3.0585 1777577976.9065583
13.7793 1.5402 3.0585 1777577978.3096933
13.7793 1.5402 3.0585 1777577978.317762
13.6352 1.5455 3.0526 1777577978.3247514
13.6349 1.5455 3.0527 1777577979.6711886
13.5333 1.5820 3.0527 1777577979.6755493
12.8669 1.6085 3.0440 1777577979.6866038
12.8669 1.6085 3.0440 1777577981.1453
12.9753 1.6657 3.0439 1777577981.156312
12.6429 1.6704 3.0531 1777577981.16382
12.6428 1.6704 3.0531 1777577982.5382428
12.8407 1.6786 3.0531 1777577982.5423663
12.3962 1.6726 3.0855 1777577982.5481777
12.3960 1.6726 3.0855 1777577983.897583
12.5470 1.7607 3.0855 1777577983.9017541
11.8375 1.7491 3.0764 1777577983.9089649
11.8373 1.7492 3.0764 1777577985.268571
12.3265 1.6937 3.0763 1777577985.284928
11.8798 1.6921 3.0969 1777577985.3083727
11.8794 1.6921 3.0969 1777577986.6667287
12.2200 1.7447 3.0968 1777577986.6711094
11.8465 1.7285 3.1035 1777577986.6767163
11.8462 1.7285 3.1034 1777577988.0298352
12.1089 1.7811 3.1034 1777577988.034574
11.4827 1.7669 3.0591 1777577988.042398
11.4824 1.7669 3.0591 1777577989.3930802
11.1395 1.7846 3.0578 1777577989.401714
11.1393 1.7847 3.0578 1777577990.7605827
10.6664 1.8024 3.0636 1777577990.766124
10.6660 1.8025 3.0636 1777577992.153075
10.1874 1.8245 3.0480 1777577992.1687844
10.1871 1.8245 3.0481 1777577993.534247
9.7065 1.8518 3.0522 1777577993.548519
9.7062 1.8518 3.0521 1777577994.9468894
9.2061 1.8570 3.1096 1777577994.9564972
9.2056 1.8571 3.1095 1777577996.322419
8.5974 1.8503 3.0964 1777577996.3513875
8.5971 1.8503 3.0964 1777577997.7570877
8.1332 1.8580 3.0776 1777577997.7684124
8.1329 1.8580 3.0775 1777577999.164686
7.7867 1.8677 3.0621 1777577999.1802638
7.7867 1.8677 3.0621 1777578000.580788
7.0826 1.9123 3.0181 1777578000.5998878
7.0822 1.9123 3.0179 1777578002.002202
6.4022 2.1014 2.6766 1777578002.012876
6.4020 2.1014 2.6765 1777578003.4160073
6.0056 2.3355 2.5167 1777578003.4365327
6.0065 2.3349 2.5163 1777578004.8429174
6.0185 2.3295 2.5249 1777578004.8604126
6.0183 2.3297 2.5252 1777578006.2049522
6.6608 1.8416 2.4499 1777578006.212791
6.6604 1.8420 2.4502 1777578007.5983126
6.5675 1.9055 2.5025 1777578007.6082876
6.5683 1.9049 2.5025 1777578008.9644618
6.4683 1.9641 2.5838 1777578008.9782112
6.4682 1.9641 2.5840 1777578010.384141
7.0438 1.4926 2.3502 1777578010.394104
7.0437 1.4927 2.3503 1777578011.754268
6.5663 1.7467 2.8405 1777578011.7594388
6.5662 1.7468 2.8407 1777578013.1104894
6.5352 1.7528 2.8585 1777578013.11575
6.5350 1.7529 2.8587 1777578014.474381
6.5349 1.7537 2.8533 1777578014.480227
6.5347 1.7537 2.8535 1777578015.8417451
6.5353 1.7537 2.8576 1777578015.863297
6.5346 1.7539 2.8580 1777578017.2726731
6.5346 1.7539 2.8580 1777578017.2880673
6.5245 1.7557 2.8662 1777578017.3042889
6.5240 1.7558 2.8666 1777578018.7942529
6.4624 1.8156 2.8666 1777578018.801261
6.1057 1.8766 3.0161 1777578018.8090281
6.1052 1.8767 3.0158 1777578020.2145925
6.2763 2.0543 3.0156 1777578020.2186613
6.1329 2.0595 3.1018 1777578020.2259173
6.1327 2.0595 3.1015 1777578021.5890849
6.2254 2.1557 3.1014 1777578021.593469
5.8808 2.1503 2.8836 1777578021.607637
5.8805 2.1504 2.8832 1777578023.0231698
6.0285 1.9089 2.8833 1777578023.028204
5.4698 2.1343 2.3206 1777578023.0374153
5.4695 2.1346 2.3200 1777578024.5337896
5.4855 1.4683 2.3202 1777578024.5404854
5.1424 2.0501 1.5530 1777578024.5524266
5.1424 2.0510 1.5535 1777578026.0298645
4.4004 1.2895 1.5539 1777578026.0526428
4.6247 2.2086 1.1801 1777578026.0639164
4.6247 2.2086 1.1801 1777578027.4378664
4.9359 3.2395 1.1545 1777578027.4483202
4.9362 3.2401 1.1543 1777578028.8007674
4.9778 3.8084 1.7124 1777578028.808303
4.9777 3.8086 1.7124 1777578030.296817
4.8987 4.6176 1.5613 1777578030.3049197
4.8987 4.6180 1.5612 1777578031.7591825
4.8876 5.1654 1.5551 1777578031.767204
4.8876 5.1656 1.5551 1777578033.241447
4.8591 6.1498 1.5531 1777578033.247606
4.8592 6.1499 1.5531 1777578034.6303263
4.8450 6.7808 1.5536 1777578034.648291
4.8450 6.7814 1.5536 1777578035.9967327
4.8359 7.0700 1.5489 1777578036.0044687
4.8359 7.0702 1.5489 1777578037.3684876
4.8404 7.6166 1.5089 1777578037.3843713
4.8405 7.6172 1.5089 1777578038.775362
4.8925 8.7276 1.4908 1777578038.7923348
4.8925 8.7282 1.4907 1777578040.1608999
4.8859 9.4526 1.6254 1777578040.172392
4.8859 9.4529 1.6253 1777578041.5430934
4.8558 9.9030 1.5917 1777578041.5482366
4.8558 9.9034 1.5917 1777578042.9150293
4.8334 10.2616 1.5791 1777578042.9217749
4.8334 10.2618 1.5791 1777578044.2834327
4.8155 10.6638 1.5656 1777578044.288599
4.8155 10.6638 1.5656 1777578045.6373358
4.8047 11.0326 1.5467 1777578045.6564128
4.8047 11.0329 1.5469 1777578047.0456705
4.7964 11.4939 1.5597 1777578047.0531566
4.7964 11.4939 1.5597 1777578048.6064074
4.7345 12.1491 1.5541 1777578048.6219559
4.7345 12.1495 1.5541 1777578050.0332053
4.7106 12.9068 1.5697 1777578050.04035
4.7106 12.9071 1.5697 1777578051.4405038
4.6972 13.5830 1.5385 1777578051.4563928
4.6972 13.5835 1.5385 1777578052.813792
4.6943 14.1608 1.5266 1777578052.8203368
4.6943 14.1610 1.5266 1777578054.247855
4.6923 15.2648 1.5436 1777578054.2543235
4.6923 15.2650 1.5436 1777578055.6253507
4.6455 16.4785 1.5858 1777578055.63049
4.6455 16.4787 1.5858 1777578056.977402
4.6108 17.2019 1.5609 1777578056.9963367
4.6108 17.2019 1.5609 1777578058.430309
4.6080 18.0409 1.5133 1777578058.4419518
4.6080 18.0409 1.5133 1777578059.7961695
4.6479 19.0833 1.4942 1777578059.8082712
4.6480 19.0840 1.4942 1777578061.1843808
4.6469 19.4184 1.5594 1777578061.1975465
4.6469 19.4191 1.5593 1777578062.583524
4.5959 20.4660 1.5679 1777578062.5963125
4.5959 20.4665 1.5677 1777578064.0771132
4.5928 21.2711 1.5999 1777578064.0883534
4.5928 21.2711 1.5999 1777578065.4645927
4.6476 21.8450 1.2443 1777578065.4700859
4.6477 21.8454 1.2448 1777578066.8314679
4.7696 22.1371 1.1218 1777578066.8459105
4.7695 22.1369 1.1221 1777578068.1977396
4.7695 22.1369 1.1221 1777578068.2063324
4.9161 22.6489 1.4366 1777578068.2483513
4.9162 22.6494 1.4369 1777578069.6985612
4.9700 22.7022 1.4369 1777578069.704418
4.9710 22.7457 1.4597 1777578069.7287688
4.9709 22.7448 1.4598 1777578071.0788743
5.0107 22.7465 1.4598 1777578071.0844524
5.0212 22.9896 1.6272 1777578071.0962074
5.0212 22.9903 1.6273 1777578072.4820595
5.2308 22.9311 1.6272 1777578072.4876134
4.9782 21.8987 1.0979 1777578072.4944475
4.9782 21.8987 1.0979 1777578073.853974
5.2582 22.2936 0.8404 1777578073.8625324
5.2582 22.2936 0.8404 1777578075.2224276
5.7845 22.6925 0.4150 1777578075.2325487
5.7847 22.6925 0.4149 1777578076.5979714
6.5077 22.9269 0.3673 1777578076.6076121
6.5080 22.9270 0.3669 1777578077.9614139
6.8041 23.0670 0.2980 1777578077.966499
6.8047 23.0672 0.2978 1777578079.3270822
7.5380 23.1704 0.0326 1777578079.337666
7.5389 23.1705 0.0323 1777578080.8922231
8.7646 23.2707 0.0491 1777578080.9055777
8.7646 23.2707 0.0491 1777578082.3342915
10.0534 23.3515 0.0370 1777578082.363704
10.0540 23.3515 0.0366 1777578083.8650672
11.3827 23.4766 0.0445 1777578083.8843062
11.3848 23.4767 0.0455 1777578085.2611766
12.6277 23.4277 -0.3177 1777578085.2846663
12.6280 23.4276 -0.3178 1777578086.7099395
13.4979 23.1977 0.2020 1777578086.7404416
13.4989 23.1979 0.2019 1777578088.18618
14.5120 23.6717 0.5783 1777578088.2035558
14.5120 23.6717 0.5783 1777578089.636692
15.6665 24.1897 0.0531 1777578089.6484394
15.6670 24.1897 0.0535 1777578091.12265
16.4977 24.2710 -0.1719 1777578091.1404176
16.4983 24.2709 -0.1722 1777578092.5057642
17.5394 24.1392 -0.1979 1777578092.5124376
17.5401 24.1390 -0.1971 1777578094.0235558
17.5401 24.1390 -0.1971 1777578094.040375
18.3419 24.0825 0.1259 1777578094.0578275
18.3422 24.0825 0.1261 1777578095.424324
18.4089 24.0569 0.1261 1777578095.4291964
18.5348 24.0809 0.2548 1777578095.438213
18.5350 24.0809 0.2550 1777578096.7987993
18.5633 23.9609 0.2550 1777578096.802998
18.6427 23.9833 0.2997 1777578096.8109553
18.6431 23.9835 0.2993 1777578098.162368
18.6232 23.9478 0.2992 1777578098.1668417
18.8007 24.0262 0.2166 1777578098.1738079
18.8015 24.0264 0.2162 1777578099.5459557
18.6894 24.0354 0.2162 1777578099.5511737
19.3678 24.0943 -0.3558 1777578099.5682774
19.3680 24.0942 -0.3555 1777578100.9266155
20.1367 23.7933 -0.4291 1777578100.9362767
20.1373 23.7930 -0.4291 1777578102.4218721
20.7148 23.6908 -0.0439 1777578102.4284265
20.7148 23.6908 -0.0439 1777578103.912876
21.7325 23.7098 -0.0291 1777578103.92206
21.7325 23.7098 -0.0291 1777578105.3486173
23.1870 23.6970 -0.0668 1777578105.364111
23.1872 23.6969 -0.0665 1777578106.7314422
24.2486 23.8158 -0.0989 1777578106.7604
24.2488 23.8158 -0.0987 1777578108.2708976
25.3398 23.5453 -0.0567 1777578108.2767353
25.3400 23.5453 -0.0567 1777578109.631708
25.9749 23.6917 0.2362 1777578109.6367917
25.9756 23.6918 0.2362 1777578110.9849272
27.0726 23.9935 0.1291 1777578110.990731
27.0730 23.9936 0.1295 1777578112.3645964
28.1546 24.0824 -0.1790 1777578112.3931048
28.1551 24.0823 -0.1790 1777578113.8053093
29.2435 24.1938 0.1465 1777578113.812572
29.2435 24.1938 0.1465 1777578115.2354546
30.5627 24.2821 0.0622 1777578115.242006
30.5627 24.2821 0.0622 1777578116.5973482
31.5280 24.4032 0.0777 1777578116.6049917
31.5288 24.4033 0.0775 1777578117.9728508
32.5663 24.4208 0.0303 1777578117.9922895
32.5670 24.4208 0.0300 1777578119.33684
33.1466 24.5158 0.1141 1777578119.364445
33.1473 24.5159 0.1141 1777578120.8496914
33.9935 24.5807 -0.0144 1777578120.8682375
33.9938 24.5807 -0.0146 1777578122.2666092
34.8645 24.6352 0.1274 1777578122.2850652
34.8647 24.6352 0.1272 1777578123.687488
35.2595 24.6850 0.0075 1777578123.6968296
35.2595 24.6850 0.0075 1777578125.0943696
36.0644 24.4717 -0.5348 1777578125.1123722
36.0644 24.4717 -0.5348 1777578126.5629492
36.5417 23.9112 -1.1562 1777578126.593082
36.5417 23.9112 -1.1562 1777578127.9932442
36.6668 23.5131 -1.4279 1777578128.0031254
36.6669 23.5124 -1.4279 1777578129.3745596
36.7010 23.0613 -1.5852 1777578129.3843143
36.7009 23.0608 -1.5852 1777578130.8028429
36.7219 22.1637 -1.5302 1777578130.8123271
36.7219 22.1637 -1.5302 1777578132.2279267
36.8102 21.0185 -1.5414 1777578132.2342684
36.8103 21.0184 -1.5414 1777578133.661089
36.9678 19.5684 -1.4899 1777578133.6884017
36.9678 19.5684 -1.4899 1777578135.0418742
37.1224 18.5154 -1.5021 1777578135.048242
37.1224 18.5150 -1.5021 1777578136.4397192
37.1809 17.6770 -1.5327 1777578136.452582
37.1810 17.6762 -1.5331 1777578137.8238268
37.3002 16.4518 -1.4857 1777578137.832393
37.3003 16.4505 -1.4858 1777578139.38106
37.4223 15.3802 -1.4921 1777578139.390083
37.4223 15.3799 -1.4922 1777578140.7628045
37.5443 14.3366 -1.4945 1777578140.7809312
37.5443 14.3359 -1.4949 1777578142.158151
37.7436 13.2829 -1.4144 1777578142.1763341
37.7436 13.2827 -1.4144 1777578143.5540736
37.8538 12.1900 -1.5414 1777578143.5600898
37.8538 12.1900 -1.5414 1777578144.9554033
37.9994 11.0358 -1.4622 1777578144.9619024
37.9994 11.0351 -1.4622 1777578146.3209562
38.1187 9.4778 -1.5550 1777578146.3443637
38.1187 9.4783 -1.5545 1777578147.7215939
38.9387 7.5417 -0.7777 1777578147.7454574
38.9390 7.5414 -0.7781 1777578149.1421163
39.6791 6.6119 -1.1855 1777578149.1723535
39.6792 6.6115 -1.1851 1777578150.5832539
39.0097 5.3514 -2.2706 1777578150.5894997
39.0093 5.3508 -2.2710 1777578152.01585
38.9157 4.1792 -1.0633 1777578152.0322587
38.9158 4.1790 -1.0634 1777578153.4004076
39.4560 3.0089 -1.5053 1777578153.4141612
39.4560 3.0089 -1.5053 1777578154.7870767
39.4560 3.0089 -1.5053 1777578154.8077161
38.9917 1.9743 -1.9761 1777578154.8168094
38.9917 1.9741 -1.9759 1777578156.167596
38.9148 1.7906 -1.9759 1777578156.1733747
38.8949 1.7527 -1.9368 1777578156.190299
38.8946 1.7519 -1.9363 1777578157.6142888
38.8769 1.8020 -1.9363 1777578157.6283774
38.8732 1.7877 -1.9202 1777578157.6490853
38.8734 1.7881 -1.9197 1777578159.07286
38.8526 1.8026 -1.9197 1777578159.0885022
38.7216 1.0428 -1.6559 1777578159.132322
38.7217 1.0431 -1.6556 1777578160.5427165
38.0648 1.1720 -1.6557 1777578160.5469382
38.1303 1.4764 -1.8017 1777578160.5642352
38.1303 1.4761 -1.8021 1777578161.945968
38.2893 1.0633 -1.8020 1777578161.949945
38.2050 0.5559 -2.0438 1777578161.9681902
38.2050 0.5559 -2.0438 1777578163.321644
38.6586 1.0762 -2.0438 1777578163.3265593
38.0750 0.4771 -3.0049 1777578163.340752
38.0750 0.4771 -3.0049 1777578164.7090483
38.7553 0.4868 -3.0048 1777578164.714562
38.0266 0.3888 2.7279 1777578164.7282639
38.0265 0.3889 2.7280 1777578166.230013
38.5637 0.0137 2.7281 1777578166.2347362
37.4464 0.3310 3.1368 1777578166.2423537
37.4455 0.3310 3.1360 1777578167.6522253
38.3271 -0.0776 3.1360 1777578167.6595387
38.0594 -0.0114 -2.8043 1777578167.700038
38.0591 -0.0115 -2.8043 1777578169.0907445
38.4579 0.3948 -2.8045 1777578169.1091752
37.4772 -0.0354 -2.7862 1777578169.1173759
37.4765 -0.0356 -2.7857 1777578170.5003042
38.2691 -0.0618 -2.7858 1777578170.505416
37.6930 -0.2013 -3.0239 1777578170.5245626
37.6926 -0.2013 -3.0235 1777578171.984121
38.1649 0.0220 -3.0237 1777578171.9888272
37.4318 -0.1158 -2.9705 1777578172.0084488
37.4311 -0.1159 -2.9705 1777578173.4102664
37.9712 -0.0183 -2.9706 1777578173.4148538
37.4007 -0.0948 -2.8711 1777578173.452497
37.4006 -0.0948 -2.8711 1777578174.8100696
36.6144 -0.3566 -2.8634 1777578174.8205125
36.6142 -0.3566 -2.8634 1777578176.2123694
35.6662 -0.6661 -2.8774 1777578176.2406018
35.6656 -0.6663 -2.8774 1777578177.6293921
35.2572 -0.8050 -2.8569 1777578177.6526933
35.2541 -0.8059 -2.8570 1777578179.0849671
34.3638 -1.0881 -2.8983 1777578179.1002998
34.3636 -1.0882 -2.8981 1777578180.461536
33.4513 -1.3229 -2.9478 1777578180.480851
33.4513 -1.3229 -2.9478 1777578181.8728907
32.6245 -1.6000 -2.8041 1777578181.8843403
32.6245 -1.6000 -2.8041 1777578183.2479546
31.9545 -1.8703 -2.8234 1777578183.2552927
31.9541 -1.8705 -2.8234 1777578184.6571941
31.5036 -2.0430 -2.8174 1777578184.6620657
31.5031 -2.0432 -2.8174 1777578186.0163758
30.7726 -2.3138 -2.8357 1777578186.0219145
30.7724 -2.3138 -2.8357 1777578187.377528
29.7954 -2.6562 -2.8499 1777578187.4163585
29.7951 -2.6563 -2.8499 1777578188.8033085
29.0548 -2.9125 -2.8689 1777578188.8245397
29.0548 -2.9125 -2.8689 1777578190.3339388
28.0750 -3.2196 -2.9829 1777578190.3387816
28.0745 -3.2197 -2.9825 1777578191.6987088
27.7501 -3.2578 -3.0472 1777578191.703779
27.7493 -3.2579 -3.0465 1777578193.074222
27.6954 -3.2671 -3.0378 1777578193.0963595
27.6948 -3.2672 -3.0374 1777578194.5534399
27.6909 -3.2691 -3.0395 1777578194.6003928
27.6905 -3.2691 -3.0391 1777578196.0478897
27.6996 -3.2671 -3.0362 1777578196.053129
27.6991 -3.2672 -3.0358 1777578197.520191
27.7091 -3.2640 -3.0348 1777578197.5261343
27.7086 -3.2641 -3.0344 1777578198.973343
27.7176 -3.2631 -3.0360 1777578198.9845002
27.7172 -3.2632 -3.0356 1777578200.3609016
27.6939 -3.2708 -3.0346 1777578200.3722177
27.6934 -3.2708 -3.0342 1777578201.7260277
27.6912 -3.2716 -3.0323 1777578201.748362
27.6908 -3.2717 -3.0320 1777578203.112084
27.6886 -3.2707 -3.0278 1777578203.1202495
27.6852 -3.2716 -3.0272 1777578204.488301
27.6826 -3.2723 -3.0261 1777578205.9216845
27.6743 -3.2750 -3.0257 1777578207.3728654
27.6734 -3.2751 -3.0257 1777578208.799107
27.6732 -3.2751 -3.0257 1777578210.245079
27.6775 -3.2740 -3.0266 1777578211.6791635
27.6775 -3.2740 -3.0266 1777578213.0271437
27.6785 -3.2748 -3.0269 1777578213.0571072
27.6783 -3.2748 -3.0268 1777578214.4330416
27.6552 -3.2810 -3.0234 1777578214.438631
27.6546 -3.2811 -3.0234 1777578215.7950585
27.3694 -3.3443 -2.9074 1777578215.8010101
27.3689 -3.3444 -2.9075 1777578217.2204657
26.6980 -3.5719 -2.6999 1777578217.2262268
26.6977 -3.5721 -2.7001 1777578218.5851786
26.0592 -3.9172 -2.7208 1777578218.5909922
26.0588 -3.9174 -2.7208 1777578220.0640223
25.3237 -4.1901 -2.8942 1777578220.1005092
25.3232 -4.1902 -2.8941 1777578221.61436
15.1049 7.1416 -2.9249 1777578221.6195836
14.5293 6.9320 -2.8831 1777578221.6293097
14.5290 6.9319 -2.8831 1777578223.129053
15.5106 0.6576 -2.8738 1777578223.1355608
14.7718 0.4389 -2.7055 1777578223.1475039
14.7715 0.4388 -2.7058 1777578224.5771892
13.1621 4.4502 -2.7103 1777578224.5817926
12.6159 4.0829 -2.6906 1777578224.589628
12.6156 4.0828 -2.6906 1777578225.9727368
12.3170 2.5228 -2.6897 1777578225.9799578
11.3763 2.2918 -3.0272 1777578225.9905224
11.3761 2.2918 -3.0272 1777578227.3781133
11.8280 2.1788 -3.0272 1777578227.3822992
11.1724 2.0746 -3.0229 1777578227.3916476
11.1721 2.0746 -3.0228 1777578228.746969
11.5969 2.0945 -3.0228 1777578228.7512622
11.1133 2.0140 -2.9894 1777578228.75841
11.1131 2.0140 -2.9894 1777578230.1106327
11.4843 2.1077 -2.9894 1777578230.1351678
10.8440 1.9626 -2.8955 1777578230.1562557
10.8439 1.9626 -2.8955 1777578231.562185
11.3200 2.1259 -2.8956 1777578231.572321
10.8415 1.9918 -2.8950 1777578231.6043591
10.8412 1.9918 -2.8950 1777578232.9790053
11.2163 2.1424 -2.8951 1777578232.9997947
10.7855 2.0215 -2.9023 1777578233.0160978
10.7850 2.0214 -2.9023 1777578234.5307982
11.0366 2.1281 -2.9023 1777578234.5367877
10.4351 1.9589 -2.8541 1777578234.5830166
10.4349 1.9589 -2.8541 1777578236.0226889
10.9561 2.0534 -2.8541 1777578236.027617
10.3313 1.8946 -2.8155 1777578236.041385
10.3312 1.8945 -2.8155 1777578237.3982596
10.8117 2.0021 -2.8155 1777578237.4046764
10.3063 1.8771 -2.7990 1777578237.4221866
10.3060 1.8770 -2.7991 1777578238.844154
7.6984 5.8962 -2.8047 1777578238.850298
7.2445 5.6677 -2.8096 1777578238.8855872
7.2441 5.6676 -2.8099 1777578240.2610576
6.9918 3.6623 -2.8084 1777578240.2659473
6.6708 3.5466 -2.7969 1777578240.284288
6.6708 3.5466 -2.7969 1777578241.680719
6.3490 4.0987 -2.7973 1777578241.6864543
5.8521 3.9202 3.1205 1777578241.6960545
5.8519 3.9202 3.1202 1777578243.0444736
6.2823 3.5089 3.1204 1777578243.0483627
5.9706 3.4987 2.9201 1777578243.055178
5.9702 3.4988 2.9196 1777578244.4549792
6.1090 3.1116 2.9198 1777578244.4971762
5.6325 3.2981 2.3304 1777578244.5075288
5.6319 3.2987 2.3303 1777578246.0450015
4.8001 2.3876 2.3308 1777578246.050178
4.5224 3.1139 1.3620 1777578246.081677
4.5225 3.1145 1.3619 1777578247.5379052
3.9168 3.0371 1.3621 1777578247.544386
4.0490 3.9284 1.7665 1777578247.560957
4.0489 3.9287 1.7665 1777578248.9939857
3.7579 3.4406 1.7665 1777578249.0083885
3.7315 3.8808 1.7531 1777578249.0723555
3.7314 3.8811 1.7531 1777578250.4386592
3.5490 4.6855 1.7646 1777578250.45624
3.5489 4.6858 1.7646 1777578251.8201838
3.3574 5.4378 1.7952 1777578251.8268251
3.3574 5.4379 1.7952 1777578253.1936226
3.1596 6.1951 1.7935 1777578253.1994665
3.1596 6.1954 1.7935 1777578254.5823777
3.0164 6.7104 1.8690 1777578254.5893428
3.0164 6.7106 1.8690 1777578255.9738169
2.7323 7.4347 1.9104 1777578256.0203004
2.7322 7.4350 1.9104 1777578257.4169695
2.5173 7.9287 1.9208 1777578257.4482682
2.5173 7.9287 1.9208 1777578258.8185205
2.2952 8.4362 1.8863 1777578258.8284066
2.2951 8.4366 1.8863 1777578260.2648332
2.0438 9.1450 1.9005 1777578260.2808335
2.0437 9.1453 1.9004 1777578261.7080436
1.7096 10.0048 1.8881 1777578261.716258
1.7094 10.0052 1.8881 1777578263.1648574
1.3151 11.2022 1.8404 1777578263.1964126
1.3149 11.2028 1.8404 1777578264.6213553
1.0148 12.0876 1.8568 1777578264.6283693
1.0147 12.0879 1.8568 1777578266.045433
0.7411 12.8404 1.8952 1777578266.059405
0.7410 12.8409 1.8951 1777578267.4587586
0.3447 13.8566 1.9249 1777578267.4656847
0.3446 13.8569 1.9249 1777578268.8562295
-0.0364 14.9209 1.8510 1777578268.8692038
-0.0365 14.9214 1.8510 1777578270.270433
-0.3823 16.0226 1.8535 1777578270.3099074
-0.3823 16.0228 1.8534 1777578271.6894376
-0.8271 17.3592 1.8624 1777578271.7084334
-0.8273 17.3599 1.8623 1777578273.0837038
-1.2027 18.3711 1.8938 1777578273.0898573
-1.2029 18.3717 1.8938 1777578274.4373236
-1.5830 19.3224 1.9657 1777578274.446629
-1.5832 19.3227 1.9657 1777578275.926173
-2.0656 20.5566 1.8545 1777578275.934703
-2.0656 20.5568 1.8545 1777578277.3163807
-2.3101 21.2922 1.8189 1777578277.4023993
-2.3101 21.2923 1.8189 1777578278.836798
7.6106 12.8699 1.7899 1777578278.8482711
7.5193 13.2110 1.7929 1777578278.8567584
7.5193 13.2110 1.7929 1777578280.2402463
4.8936 22.2704 1.7970 1777578280.2449944
4.7442 22.7337 1.8476 1777578280.2531478
4.7440 22.7343 1.8472 1777578281.6159608
5.9176 22.1060 1.8465 1777578281.6243339
5.8726 22.2234 1.8552 1777578281.6430223
5.8725 22.2237 1.8549 1777578283.0773983
5.9787 22.7106 1.8548 1777578283.0822253
5.8634 23.5177 1.1419 1777578283.0902092
5.8636 23.5181 1.1414 1777578284.436581
6.2882 24.0239 0.5813 1777578284.452441
6.2886 24.0241 0.5818 1777578285.9387858
7.5518 24.0735 -0.3468 1777578285.9495091
7.5524 24.0733 -0.3469 1777578287.4347272
8.5789 24.0684 0.3055 1777578287.4401195
8.5798 24.0687 0.3055 1777578288.8044672
9.8069 24.4593 0.2651 1777578288.8332405
9.8077 24.4595 0.2647 1777578290.176153
10.6876 24.7415 0.2821 1777578290.192409
10.6885 24.7417 0.2820 1777578291.6081946
11.8055 25.0851 0.3961 1777578291.6131814
11.8062 25.0854 0.3959 1777578292.9524734
12.6904 25.4251 0.2981 1777578292.9594417
12.6908 25.4252 0.2984 1777578294.401229
13.6713 25.6370 -0.0057 1777578294.4076705
13.6716 25.6370 -0.0054 1777578295.7548683
14.3973 25.7580 0.4377 1777578295.7849522
14.3980 25.7584 0.4378 1777578297.1939044
14.6440 25.9756 0.7390 1777578297.2003145
14.6445 25.9761 0.7386 1777578298.5733175
15.2472 26.8076 0.9522 1777578298.602985
15.2477 26.8083 0.9516 1777578299.97515
16.3644 27.7130 0.4012 1777578299.9922838
16.3645 27.7130 0.4010 1777578301.3437264
17.5425 27.9632 -0.0557 1777578301.35094
17.5430 27.9632 -0.0554 1777578302.6928117
18.1479 27.8660 -0.1569 1777578302.7291157
18.1483 27.8659 -0.1564 1777578304.1132
16.9883 23.3171 -0.1603 1777578304.1187685
17.7800 23.4944 0.5636 1777578304.1404142
17.7802 23.4945 0.5639 1777578305.535528
19.4145 23.6370 0.5638 1777578305.5396554
19.5386 23.7622 0.8153 1777578305.5476398
19.5391 23.7627 0.8150 1777578306.9156444
19.4665 23.6552 0.8150 1777578306.922749
19.4757 23.6706 0.8139 1777578306.933795
19.4761 23.6710 0.8137 1777578308.3581662
19.4772 23.6503 0.8137 1777578308.362621
20.2009 24.2791 0.3758 1777578308.3744023
20.2016 24.2794 0.3757 1777578309.7255344
19.7759 24.7069 0.3757 1777578309.730763
20.4681 25.0010 0.0030 1777578309.7391179
20.4685 25.0010 0.0031 1777578311.096735
19.4137 24.5691 0.0028 1777578311.1122577
20.7964 24.7250 0.1389 1777578311.1364794
20.7971 24.7251 0.1386 1777578312.5636811
19.9026 24.7838 0.1384 1777578312.5931253
20.5472 25.1488 0.6018 1777578312.6006432
20.5477 25.1492 0.6018 1777578313.9432788
19.2950 24.1002 0.6013 1777578313.947668
20.1088 24.7296 0.3184 1777578313.9550576
20.1094 24.7298 0.3184 1777578315.3914008
20.2054 24.0325 0.3183 1777578315.4083204
21.4498 24.2589 0.3593 1777578315.429244
21.4501 24.2590 0.3593 1777578316.7998188
21.8096 23.2719 0.3594 1777578316.8124304
22.7374 23.5457 0.4976 1777578316.8675487
22.7381 23.5461 0.4976 1777578318.2801962
19.7797 20.2486 0.4999 1777578318.2868242
20.6252 20.8333 0.5033 1777578318.3192642
20.6259 20.8337 0.5033 1777578319.7179785
22.0786 21.5235 0.4289 1777578319.736314
22.0790 21.5237 0.4288 1777578321.1514773
23.1096 22.0704 0.4780 1777578321.1693168
23.1099 22.0705 0.4780 1777578322.5555089
23.8939 22.5079 0.4466 1777578322.5648546
23.8939 22.5079 0.4466 1777578323.9662309
24.9131 23.0223 0.4277 1777578323.9763205
24.9135 23.0225 0.4273 1777578325.3259795
25.4902 23.3267 0.4213 1777578325.3402147
25.4909 23.3270 0.4208 1777578326.7088952
25.7513 23.4286 0.3045 1777578326.732331
25.7517 23.4287 0.3045 1777578328.1299958
25.8929 23.4770 0.2712 1777578328.156884
25.8934 23.4771 0.2713 1777578329.5580432
25.8934 23.4771 0.2713 1777578329.5860422
26.1160 23.5481 0.2636 1777578329.6278093
26.1162 23.5482 0.2636 1777578331.0042
26.1201 23.5467 0.2636 1777578331.0107572
26.1681 23.5596 0.2804 1777578331.0230122
26.1685 23.5598 0.2799 1777578332.3965495
26.1612 23.5493 0.2799 1777578332.4010444
26.1778 23.5541 0.2822 1777578332.4103687
26.1781 23.5542 0.2819 1777578333.7532284
26.1778 23.5504 0.2819 1777578333.7575517
26.4420 23.6493 0.0673 1777578333.77667
26.4424 23.6493 0.0669 1777578335.167157
26.2736 23.6920 0.0669 1777578335.1712282
26.8883 23.7145 -0.4384 1777578335.179702
26.8883 23.7145 -0.4384 1777578336.524092
27.5447 22.6490 -1.5222 1777578336.529035
27.5447 22.6490 -1.5222 1777578337.9784794
27.8666 21.5143 -1.1697 1777578337.9839118
27.8668 21.5138 -1.1697 1777578339.3401349
28.3969 20.4499 -1.1396 1777578339.3683317
28.3971 20.4494 -1.1391 1777578340.8620644
29.3193 18.6552 -1.1080 1777578340.9124527
29.3194 18.6549 -1.1082 1777578342.2640114
29.9727 17.6889 -1.0029 1777578342.2805252
29.9729 17.6887 -1.0029 1777578343.7876472
30.5599 16.5642 -1.1678 1777578343.7964547
30.5600 16.5640 -1.1679 1777578345.2982502
30.7647 16.1400 -1.1829 1777578345.3052313
30.7649 16.1395 -1.1829 1777578346.692046
31.1213 15.3660 -1.1724 1777578346.7123432
31.1214 15.3658 -1.1724 1777578348.1035068
31.5218 14.5829 -1.0606 1777578348.1415784
31.5222 14.5822 -1.0606 1777578349.5736675
31.8766 14.0337 -1.0382 1777578349.5802858
31.8768 14.0335 -1.0383 1777578350.9476569
32.4233 13.1242 -1.0754 1777578350.960478
32.4235 13.1239 -1.0754 1777578352.4987466
32.7878 12.4779 -1.1332 1777578352.5067725
32.7880 12.4775 -1.1333 1777578353.974224
33.0224 11.9993 -1.1928 1777578353.9816658
33.0226 11.9988 -1.1928 1777578355.501399
33.4199 11.1049 -1.1744 1777578355.557577
33.4200 11.1047 -1.1744 1777578357.015001
33.8599 10.2304 -1.1160 1777578357.024248
33.8602 10.2298 -1.1162 1777578358.4279017
34.2064 9.6388 -1.0794 1777578358.4410636
34.2067 9.6384 -1.0793 1777578359.8503652
34.4851 9.0354 -1.2236 1777578359.8565402
34.4853 9.0348 -1.2241 1777578361.2440443
34.8881 8.2113 -1.0066 1777578361.253561
34.8881 8.2113 -1.0066 1777578362.6063821
35.5826 7.0808 -1.0503 1777578362.6750603
35.5826 7.0808 -1.0503 1777578364.0477748
35.6729 6.9447 -1.0658 1777578364.0676653
35.6730 6.9445 -1.0658 1777578365.4696639
36.0258 6.3054 -1.1371 1777578365.4798229
36.0260 6.3050 -1.1375 1777578366.8416443
35.2005 2.7404 -1.1398 1777578366.8462098
35.4929 2.2404 -1.2334 1777578366.8603208
35.4930 2.2400 -1.2335 1777578368.2107418
35.6843 1.4473 -1.4027 1777578368.2199204
35.6845 1.4467 -1.4029 1777578369.5982077
36.2608 2.5305 -1.4023 1777578369.603126
36.3187 2.1345 -1.5147 1777578369.61215
36.3187 2.1342 -1.5151 1777578370.9837775
36.9370 2.2958 -1.5147 1777578370.9885721
36.9553 2.0498 -1.5603 1777578371.012241
36.9554 2.0493 -1.5607 1777578372.3844957
37.0340 2.0859 -1.5607 1777578372.396339
36.9747 1.5223 -2.1004 1777578372.4079
36.9746 1.5221 -2.1004 1777578373.7768862
37.7550 1.9219 -2.1001 1777578373.8183131
37.3370 1.4313 -2.7181 1777578373.8362975
37.3365 1.4311 -2.7182 1777578375.197491
38.6185 1.3408 -2.7176 1777578375.2016864
38.1128 1.1347 -2.8343 1777578375.2203321
38.1123 1.1346 -2.8347 1777578376.5686235
38.6763 0.6000 -2.8343 1777578376.57336
37.9715 0.3527 -2.6312 1777578376.5822768
37.9710 0.3525 -2.6312 1777578377.9289439
38.4707 0.7168 -2.6313 1777578377.9329185
38.0117 0.4422 -2.6365 1777578377.9674757
38.0113 0.4420 -2.6366 1777578379.3192446
37.1464 -0.0841 -2.7314 1777578379.32874
37.1459 -0.0843 -2.7314 1777578380.7093334
36.4281 -0.3665 -2.8217 1777578380.7170877
36.4278 -0.3666 -2.8217 1777578382.2129493
35.6925 -0.6701 -2.7295 1777578382.2345753
35.6925 -0.6701 -2.7295 1777578383.5771768
35.3569 -0.8404 -2.7100 1777578383.5904102
35.3567 -0.8405 -2.7100 1777578384.952218
34.9314 -1.0632 -2.6967 1777578384.988423
34.9314 -1.0632 -2.6967 1777578386.3667002
34.5089 -1.2941 -2.6928 1777578386.3760476
34.5086 -1.2942 -2.6928 1777578387.723665
34.2589 -1.4342 -2.6705 1777578387.7310064
34.2587 -1.4343 -2.6705 1777578389.076893
33.7374 -1.7393 -2.6341 1777578389.088289
33.7372 -1.7394 -2.6341 1777578390.4739072
33.5339 -1.8726 -2.6195 1777578390.4842594
33.5337 -1.8727 -2.6195 1777578391.8303924
33.1993 -2.0816 -2.6688 1777578391.8886335
33.1991 -2.0817 -2.6688 1777578393.3035643
32.7476 -2.3262 -2.6986 1777578393.3202932
32.7474 -2.3262 -2.6986 1777578394.7262876
32.1329 -2.6448 -2.7177 1777578394.7323709
32.1329 -2.6448 -2.7177 1777578396.1061082
31.3422 -3.0716 -2.7051 1777578396.111042
31.3418 -3.0718 -2.7051 1777578397.488873
30.6129 -3.4814 -2.6531 1777578397.5206225
30.6124 -3.4816 -2.6532 1777578398.9309561
29.9032 -3.9439 -2.5865 1777578398.9812627
29.9030 -3.9441 -2.5865 1777578400.3947508
28.9483 -4.5291 -2.6327 1777578400.4004738
28.9477 -4.5294 -2.6328 1777578401.7826526
28.2236 -5.0381 -2.6159 1777578401.7910943
28.2230 -5.0384 -2.6159 1777578403.1424801
26.8854 -5.7117 -2.6875 1777578403.158974
26.8854 -5.7117 -2.6875 1777578404.5044217
25.7155 -6.4779 -2.5605 1777578404.5093734
25.7155 -6.4779 -2.5605 1777578405.8861318
25.6292 -6.5455 -2.5346 1777578405.9223258
25.6292 -6.5455 -2.5346 1777578407.2275686
25.6491 -6.5365 -2.5402 1777578407.2403433
25.6491 -6.5365 -2.5402 1777578408.592
25.6817 -6.5190 -2.5433 1777578408.6029658
25.6817 -6.5190 -2.5433 1777578409.9739585
25.3198 -6.5343 -2.6037 1777578409.9789698
25.3198 -6.5343 -2.6037 1777578411.323863
25.3060 -6.5606 -2.6449 1777578411.3322427
25.3060 -6.5606 -2.6449 1777578412.6785243
25.2960 -6.5656 -2.6424 1777578412.7243276
25.2960 -6.5656 -2.6424 1777578414.0902238
25.2905 -6.5693 -2.6414 1777578414.0961773
25.2905 -6.5693 -2.6414 1777578415.45882
25.2789 -6.5759 -2.6383 1777578415.4723704
25.2780 -6.5764 -2.6384 1777578417.047284
25.2187 -6.6162 -2.6438 1777578417.0537684
25.2183 -6.6165 -2.6439 1777578418.6050906
23.7153 -7.5605 -2.6281 1777578418.6116784
23.7149 -7.5607 -2.6282 1777578419.9818952
22.5963 -8.1697 -2.6657 1777578420.019149
22.5960 -8.1698 -2.6657 1777578421.3714533
21.3355 -8.8647 -2.6831 1777578421.3803492
21.3349 -8.8650 -2.6832 1777578422.7371256
20.1246 -9.6013 -2.6091 1777578422.7446852
20.1242 -9.6015 -2.6092 1777578424.1023793
19.2851 -10.1627 -2.7233 1777578424.1203828
19.2847 -10.1628 -2.7233 1777578425.5514793
17.8498 -10.7031 -2.6610 1777578425.5910616
17.8493 -10.7034 -2.6611 1777578427.0177398
16.3218 -11.6909 -2.7064 1777578427.0740907
16.3212 -11.6912 -2.7071 1777578428.4280005
15.1017 -12.0039 3.0754 1777578428.456452
15.1011 -12.0039 3.0751 1777578429.8523133
13.6426 -11.6520 2.4796 1777578429.8602784
13.6418 -11.6514 2.4793 1777578431.2595613
12.6893 -9.8676 1.9644 1777578431.2723
12.6891 -9.8671 1.9644 1777578432.701233
11.6258 -8.6871 2.2914 1777578432.7082808
11.6253 -8.6865 2.2914 1777578434.0696352
10.7784 -7.7953 2.1595 1777578434.1324122
10.7780 -7.7948 2.1595 1777578435.4817333
9.7793 -6.3855 2.0742 1777578435.5003083
9.7790 -6.3850 2.0739 1777578436.8578198
9.0184 -5.2293 2.1379 1777578436.862626
9.0179 -5.2287 2.1379 1777578438.233702
8.4467 -3.9484 1.7895 1777578438.2445102
8.4466 -3.9476 1.7895 1777578439.5949795
8.0281 -2.6629 1.9327 1777578439.6046653
8.0279 -2.6623 1.9323 1777578440.9734168
7.2844 -1.4429 2.1886 1777578441.0322347
7.2839 -1.4422 2.1885 1777578442.4183662
6.4368 -0.0233 2.0892 1777578442.429069
6.4365 -0.0227 2.0887 1777578443.891472
5.2579 1.5975 2.3092 1777578443.9133794
5.2577 1.5977 2.3092 1777578445.3516948
4.4580 2.7218 2.0285 1777578445.3577516
4.4576 2.7226 2.0285 1777578446.8251143
3.8283 3.7913 2.0490 1777578446.8514054
3.8281 3.7918 2.0490 1777578448.2730184
3.0370 5.0460 2.0375 1777578448.3262463
3.0369 5.0462 2.0371 1777578449.7978485
2.5610 6.1934 1.6349 1777578449.80756
2.5609 6.1939 1.6345 1777578451.1826599
2.7852 6.9601 0.9799 1777578451.1876335
2.7857 6.9608 0.9799 1777578452.5326216
3.5351 7.8621 0.8667 1777578452.5379555
3.5352 7.8622 0.8667 1777578453.863073
4.6228 9.0502 0.7121 1777578453.874697
4.6231 9.0504 0.7121 1777578455.2378137
6.0961 10.1943 0.4017 1777578455.2866545
6.0969 10.1946 0.4016 1777578456.662509
7.7990 10.9962 0.5406 1777578456.672881
7.7992 10.9963 0.5406 1777578458.2238019
9.5403 12.1844 0.4777 1777578458.2286773
9.5406 12.1846 0.4777 1777578459.6104436
11.1766 13.2860 0.4173 1777578459.6164227
11.1772 13.2863 0.4171 1777578461.1038907
12.7239 14.1273 0.5725 1777578461.1094782
12.7242 14.1274 0.5725 1777578462.5419655
14.7926 15.3469 0.4148 1777578462.580782
14.7933 15.3472 0.4148 1777578463.9321408
16.3085 15.9899 0.1559 1777578463.9383183
16.3091 15.9900 0.1556 1777578465.250912
17.7039 16.4191 0.4126 1777578465.2567997
17.7044 16.4194 0.4125 1777578466.6125019
19.0713 17.3036 0.6130 1777578466.6182075
19.0717 17.3039 0.6129 1777578467.975012
20.5284 18.2332 0.2977 1777578467.9806294
20.5290 18.2334 0.2973 1777578469.3303015
22.0716 18.8049 0.4353 1777578469.3842762
22.0724 18.8053 0.4351 1777578470.8815584
23.4520 19.5467 0.5674 1777578470.8904815
23.4526 19.5470 0.5670 1777578472.2700198
24.7327 20.5280 0.6795 1777578472.2753847
24.7327 20.5280 0.6795 1777578473.6471324
26.1830 21.6914 0.7120 1777578473.653442
26.1836 21.6919 0.7120 1777578475.0174668
27.0436 22.5076 0.4653 1777578475.0238683
27.0444 22.5080 0.4656 1777578476.3768525
28.5943 23.1221 -0.0602 1777578476.416345
28.5949 23.1220 -0.0602 1777578477.7998888
30.0482 22.7056 -0.4866 1777578477.8090506
30.0484 22.7055 -0.4866 1777578479.1586726
30.8847 21.9811 -0.9182 1777578479.1682785
30.8848 21.9809 -0.9185 1777578480.5551648
32.3778 20.6916 -0.7971 1777578480.5724165
32.3783 20.6911 -0.7970 1777578481.9851778
32.9434 18.6817 -1.3843 1777578482.0117102
32.9435 18.6812 -1.3843 1777578483.4490795
34.5337 17.8083 -0.5798 1777578483.4882293
34.5343 17.8079 -0.5799 1777578484.8324342
35.8649 16.6114 -0.8985 1777578484.837805
35.8653 16.6108 -0.8986 1777578486.2457652
37.4721 14.8295 -1.1073 1777578486.2509649
37.4724 14.8288 -1.1070 1777578487.5952804
37.7643 13.0597 -1.4064 1777578487.615902
37.7644 13.0592 -1.4068 1777578488.9847283
38.5498 11.4205 -0.8180 1777578488.9901965
38.5505 11.4198 -0.8180 1777578490.3526459
39.8453 10.4737 -0.7310 1777578490.396465
39.8462 10.4729 -0.7318 1777578491.742754
41.0316 9.5577 -0.6446 1777578491.7602592
41.0316 9.5577 -0.6446 1777578493.1849384
42.2570 8.6470 -0.7727 1777578493.18966
42.2572 8.6468 -0.7731 1777578494.5797305
42.9283 7.6482 -0.9804 1777578494.596236
42.9283 7.6482 -0.9804 1777578495.9747381
43.6844 6.4271 -1.2563 1777578495.9804122
43.6845 6.4268 -1.2567 1777578497.3385532
43.6545 5.5989 -1.9266 1777578497.3754609
43.6542 5.5979 -1.9266 1777578498.8544385
42.8306 4.5757 -2.5211 1777578498.861301
42.8300 4.5753 -2.5212 1777578500.240133
41.7890 3.7304 -2.4949 1777578500.2568371
41.7883 3.7299 -2.4953 1777578501.666924
40.4905 2.5590 -2.3228 1777578501.6835048
40.4901 2.5585 -2.3231 1777578503.0805962
39.5360 1.2733 -2.4412 1777578503.0964336
39.5358 1.2731 -2.4413 1777578504.4807353
38.2594 0.2223 -2.3802 1777578504.5364716
38.2587 0.2216 -2.3802 1777578505.9469
37.2309 -0.7957 -2.4913 1777578505.956422
37.2302 -0.7962 -2.4913 1777578507.3670602
35.8827 -1.7785 -2.5001 1777578507.373312
35.8823 -1.7788 -2.5004 1777578508.728427
34.7569 -2.8434 -2.3238 1777578508.73328
34.7568 -2.8436 -2.3239 1777578510.0857503
34.0912 -3.5703 -2.3459 1777578510.0905466
34.0911 -3.5704 -2.3458 1777578511.381967
34.0758 -3.5873 -2.3465 1777578511.4447014
34.0758 -3.5873 -2.3465 1777578512.8229766
34.1098 -3.5566 -2.3539 1777578512.8288088
