16.0000 1.5000 -3.1416 1777596653.4394114
16.0004 1.4999 -3.1416 1777596654.676269
15.9990 1.4999 3.1404 1777596655.7611306
15.9970 1.5000 -3.1416 1777596656.8190098
15.9950 1.5000 -3.1414 1777596657.915576
15.9932 1.5000 -3.1412 1777596659.024365
15.9930 1.5000 -3.1413 1777596660.0913184
15.9929 1.5000 -3.1412 1777596661.1356075
15.9934 1.4999 -3.1411 1777596662.1838427
15.9932 1.4999 -3.1412 1777596663.316369
15.9939 1.4999 -3.1410 1777596664.364751
15.9935 1.4999 -3.1412 1777596665.443434
15.9935 1.4999 -3.1410 1777596666.5377634
15.9938 1.5000 -3.1409 1777596667.7533796
15.9943 1.5000 -3.1409 1777596668.8492525
15.9943 1.5000 -3.1410 1777596669.9368477
15.9943 1.5000 -3.1409 1777596671.0056663
15.9942 1.5000 -3.1408 1777596672.0768664
15.9941 1.5000 -3.1408 1777596673.217147
15.9946 1.5000 -3.1409 1777596674.2611141
15.9946 1.5001 -3.1408 1777596675.3082337
15.9948 1.5000 -3.1406 1777596676.3682468
15.9945 1.5000 -3.1406 1777596677.4618833
15.9944 1.5001 -3.1405 1777596678.62493
15.9941 1.5001 -3.1407 1777596679.703482
15.9941 1.5001 -3.1407 1777596680.75041
16.0066 1.5021 -3.1411 1777596680.772487
16.0064 1.5021 -3.1411 1777596681.833998
15.9703 1.4976 -3.1294 1777596681.8400254
15.9701 1.4976 -3.1294 1777596682.8936968
15.7257 1.4798 -3.1055 1777596682.9016154
15.7254 1.4798 -3.1055 1777596683.9645975
15.2505 1.4343 -3.0662 1777596683.970544
15.2502 1.4343 -3.0662 1777596685.015679
14.9212 1.3910 -3.0596 1777596685.021091
14.9209 1.3910 -3.0596 1777596686.0717542
14.9061 1.3890 -3.0550 1777596686.0777678
14.9059 1.3890 -3.0550 1777596687.1294878
14.5487 1.3284 -2.9822 1777596687.134991
14.5487 1.3284 -2.9822 1777596688.1796749
14.0904 1.2131 -2.8969 1777596688.188504
14.0904 1.2131 -2.8969 1777596689.2428503
13.5964 1.0262 -2.7656 1777596689.2534943
13.5959 1.0260 -2.7654 1777596690.390837
13.1453 0.7673 -2.6192 1777596690.3984234
13.1451 0.7672 -2.6192 1777596691.4690115
13.1520 0.7678 -2.6169 1777596691.4762778
13.1518 0.7677 -2.6168 1777596692.5458314
13.1284 0.7494 -2.6188 1777596692.5546987
13.1282 0.7493 -2.6187 1777596693.6321862
12.8031 0.6128 -2.9255 1777596693.6416423
12.8029 0.6127 -2.9254 1777596694.6990101
12.2605 0.6589 2.7684 1777596694.7063982
12.2605 0.6589 2.7684 1777596695.756032
11.8725 0.9787 2.1774 1777596695.7621171
11.8725 0.9787 2.1774 1777596696.8105726
11.7240 1.5212 1.5520 1777596696.8168287
11.7240 1.5215 1.5516 1777596697.8655763
11.7263 1.5183 1.5551 1777596697.8711798
11.7263 1.5186 1.5546 1777596698.9251106
11.7239 1.5253 1.5539 1777596698.9343545
11.7239 1.5255 1.5536 1777596699.979992
11.8138 1.7973 1.0712 1777596699.9861507
11.8139 1.7975 1.0707 1777596701.0359519
12.1432 2.0591 0.3311 1777596701.0415423
12.1432 2.0591 0.3311 1777596702.0947034
12.7181 1.9294 -0.7264 1777596702.1010232
12.7181 1.9294 -0.7264 1777596703.1577654
12.8865 1.3396 -1.7836 1777596703.1650188
12.8864 1.3392 -1.7865 1777596704.2299345
12.5345 0.9150 -2.7308 1777596704.248928
12.5343 0.9149 -2.7326 1777596705.3596227
11.8714 1.0082 2.5171 1777596705.368505
11.8711 1.0083 2.5150 1777596706.430816
11.5296 1.5515 1.8435 1777596706.4404006
11.5296 1.5517 1.8418 1777596707.4919555
11.5309 1.5525 1.8392 1777596707.5060892
11.5308 1.5529 1.8375 1777596708.5949044
11.5270 1.5783 1.8314 1777596708.60181
11.5269 1.5785 1.8308 1777596709.6765735
11.5682 1.9366 1.1819 1777596709.6877933
11.5683 1.9369 1.1815 1777596710.7456858
11.8972 2.2504 0.3977 1777596710.7515986
11.8972 2.2504 0.3977 1777596711.808281
12.4826 2.1496 -0.6845 1777596711.8145893
12.4826 2.1496 -0.6845 1777596712.859921
12.6678 1.5090 -1.8396 1777596712.8676565
12.6677 1.5087 -1.8425 1777596713.9130578
12.2516 1.1062 -2.8672 1777596713.919172
12.2512 1.1061 -2.8710 1777596714.9685304
11.6120 1.3175 2.2864 1777596714.979681
11.6118 1.3177 2.2838 1777596716.0262284
11.4507 1.9868 1.4580 1777596716.0321076
11.4508 1.9870 1.4566 1777596717.078493
11.5381 2.7364 1.5148 1777596717.0862508
11.5380 2.7367 2.2493 1777596718.1394897
10.9271 2.9153 -2.9810 1777596718.148363
10.9269 2.9153 -2.9829 1777596719.1971717
10.5426 2.3437 -1.5582 1777596719.2075891
10.5426 2.3434 -1.5588 1777596720.2923014
11.0168 1.8710 -0.3049 1777596720.305957
11.0170 1.8709 -0.3049 1777596721.375089
11.7056 1.8074 -0.3088 1777596721.381089
11.7058 1.8074 -0.3084 1777596722.4407215
12.1412 1.3204 -1.3444 1777596722.4621706
12.1413 1.3202 -1.3431 1777596723.524611
12.4351 0.4409 -0.7236 1777596723.532221
12.4353 0.4407 -0.7232 1777596724.577651
13.0980 0.4855 0.6982 1777596724.5841875
13.0982 0.4857 0.6982 1777596725.6475606
13.3263 1.1161 1.4198 1777596725.6617007
13.3263 1.1164 1.4183 1777596726.708998
12.8735 1.6695 2.8591 1777596726.714896
12.8733 1.6696 2.8634 1777596727.7746093
12.3317 1.4806 -2.4340 1777596727.7812805
12.3315 1.4804 -2.4304 1777596728.865748
12.0542 0.9013 -1.8262 1777596728.8760607
12.0542 0.9010 -1.8362 1777596729.938433
11.6984 0.3594 -2.5485 1777596729.9503121
11.6982 0.3593 -2.5422 1777596731.005212
11.0163 0.3375 2.6230 1777596731.0188653
11.0161 0.3376 2.6238 1777596732.0672023
10.8106 0.7370 1.9199 1777596732.0728288
10.8106 0.7373 1.9201 1777596733.122786
10.8091 0.7354 1.9210 1777596733.1309881
10.8090 0.7356 1.9206 1777596734.1825001
10.8124 0.7415 1.9199 1777596734.1892912
10.8123 0.7417 1.9182 1777596735.2697356
10.8165 0.7489 1.9196 1777596735.2805243
10.8164 0.7492 1.9088 1777596736.3445191
10.8196 0.7545 1.9103 1777596736.3577123
10.8195 0.7547 1.9077 1777596737.4147007
10.8297 0.7714 1.9091 1777596737.424022
10.8296 0.7716 1.9083 1777596738.4726768
10.8388 0.7865 1.9062 1777596738.478765
10.8388 0.7867 1.9059 1777596739.530474
10.8467 0.7998 1.9058 1777596739.5361004
10.8466 0.8000 1.9054 1777596740.5845907
10.8463 0.7996 1.9050 1777596740.592402
10.8462 0.7998 1.9046 1777596741.6389608
10.8482 0.8031 1.9026 1777596741.6546237
