16.0000 1.5000 -3.1416 1777598876.0834086
16.0000 1.5000 -3.1416 1777598876.1136072
16.0000 1.5000 -3.1416 1777598876.1642385
16.0000 1.5000 -3.1416 1777598876.214028
16.0000 1.5000 -3.1416 1777598876.2638302
16.0000 1.5000 -3.1416 1777598876.3139734
16.0000 1.5000 -3.1416 1777598876.364001
16.0000 1.5000 -3.1416 1777598876.4137754
16.0000 1.5000 -3.1416 1777598876.4643877
16.0000 1.5000 -3.1416 1777598876.5137699
16.0000 1.5000 -3.1416 1777598876.5644436
16.0000 1.5000 -3.1416 1777598876.614665
16.0000 1.5000 -3.1416 1777598876.6638553
16.0000 1.5000 -3.1416 1777598876.714029
16.0000 1.5000 -3.1416 1777598876.7651598
16.0000 1.5000 -3.1416 1777598876.8137534
16.0000 1.5000 -3.1416 1777598876.8638718
16.0000 1.5000 -3.1416 1777598876.914223
16.0000 1.5000 -3.1416 1777598876.9642918
16.0000 1.5000 -3.1416 1777598877.0212986
16.0000 1.5000 -3.1416 1777598877.067071
16.0000 1.5000 -3.1416 1777598877.1137915
16.0000 1.5000 -3.1416 1777598877.1636884
16.0000 1.5000 -3.1416 1777598877.2177374
16.0000 1.5000 -3.1416 1777598877.2654784
16.0000 1.5000 -3.1416 1777598877.3138683
16.0001 1.4997 -3.1416 1777598877.330203
16.0001 1.4997 -3.1416 1777598877.3642917
16.0001 1.4997 -3.1416 1777598877.4141119
16.0000 1.4996 3.1410 1777598877.4641776
16.0000 1.4996 3.1410 1777598877.4920328
16.0000 1.4996 3.1410 1777598877.51718
16.0000 1.4996 3.1410 1777598877.5679443
16.0009 1.4998 3.1393 1777598877.5844948
16.0009 1.4998 3.1393 1777598877.6136603
16.0009 1.4998 3.1393 1777598877.6684268
16.0010 1.4998 3.1414 1777598877.7251756
16.0010 1.4998 3.1414 1777598877.731944
16.0010 1.4998 3.1414 1777598877.7636993
16.0010 1.4998 3.1414 1777598877.8141985
16.0010 1.4998 3.1414 1777598877.8641882
16.0016 1.5000 3.1401 1777598877.8843231
16.0016 1.5000 3.1401 1777598877.913389
16.0016 1.5000 3.1401 1777598877.9647136
16.0017 1.5001 3.1409 1777598877.9937887
16.0017 1.5001 3.1409 1777598878.01413
16.0017 1.5001 3.1409 1777598878.0636885
16.0017 1.5001 3.1409 1777598878.1141999
16.0017 1.5001 3.1409 1777598878.16462
16.0017 1.5001 3.1409 1777598878.213945
16.0014 1.4998 -3.1411 1777598878.248702
16.0014 1.4998 -3.1411 1777598878.2682545
16.0017 1.4998 3.1404 1777598878.3482676
16.0017 1.4998 3.1404 1777598878.354219
16.0017 1.4998 3.1404 1777598878.36399
16.0021 1.4999 3.1396 1777598879.651418
16.0023 1.4998 3.1400 1777598880.8003752
16.0016 1.4999 3.1405 1777598882.0605004
16.0017 1.4999 3.1410 1777598883.4043612
16.0013 1.4999 3.1414 1777598884.7246356
16.0016 1.4999 3.1414 1777598885.9580693
16.0016 1.4999 3.1414 1777598887.266465
16.0008 1.4999 3.1410 1777598887.2779648
16.0008 1.4999 3.1410 1777598888.751716
15.8948 1.4943 -3.1278 1777598888.7827573
15.8943 1.4943 -3.1278 1777598890.0974708
15.4608 1.4671 -3.1036 1777598890.10928
15.4608 1.4671 -3.1036 1777598891.278616
15.0533 1.4275 -3.0953 1777598891.2866223
15.0533 1.4275 -3.0953 1777598892.4062262
14.8374 1.4088 -3.0890 1777598892.4192047
14.8367 1.4087 -3.0891 1777598893.5189624
14.6349 1.3857 -3.0896 1777598893.5273268
14.6349 1.3857 -3.0896 1777598894.6530423
14.2839 1.3477 -3.0636 1777598894.660445
14.2839 1.3477 -3.0636 1777598895.955644
14.1634 1.3284 -3.0538 1777598895.983355
14.1630 1.3284 -3.0538 1777598897.217009
13.7203 1.2661 -3.0336 1777598897.233729
13.7203 1.2661 -3.0336 1777598898.3807392
13.6166 1.2490 -3.0325 1777598898.397349
13.6166 1.2490 -3.0325 1777598899.5773218
13.6012 1.2455 -3.0364 1777598899.5970087
13.6008 1.2455 -3.0364 1777598900.8297179
13.6037 1.2459 -3.0395 1777598900.8490367
13.6037 1.2459 -3.0395 1777598902.0267875
13.6099 1.2451 -3.0373 1777598902.0372903
13.6099 1.2451 -3.0373 1777598903.2471883
13.6109 1.2450 -3.0377 1777598903.262349
13.6105 1.2450 -3.0377 1777598904.7448533
13.6130 1.2456 -3.0377 1777598904.7698662
13.6130 1.2456 -3.0377 1777598906.077652
13.6254 1.2461 -3.0356 1777598906.104474
13.6254 1.2461 -3.0356 1777598907.3790612
13.6350 1.2467 -3.0360 1777598907.3923764
13.6330 1.2465 -3.0361 1777598908.655967
13.6256 1.2457 -3.0334 1777598908.6676176
13.6256 1.2457 -3.0334 1777598910.254063
13.0878 1.1730 -3.0415 1777598910.2629638
13.0894 1.1733 -3.0429 1777598911.8554988
13.0899 1.1734 -3.0423 1777598913.047699
13.0899 1.1734 -3.0423 1777598914.2929692
13.0884 1.1735 -3.0422 1777598914.2994697
13.0880 1.1734 -3.0422 1777598915.4106202
13.0486 1.1670 -3.0353 1777598915.419046
12.7494 1.1175 -2.9960 1777598916.5903652
12.7343 1.1141 -2.9836 1777598917.692414
12.7350 1.1142 -2.9836 1777598918.8107014
12.7357 1.1140 -2.9835 1777598919.9112103
12.7357 1.1140 -2.9835 1777598921.11093
12.7349 1.1149 -2.9842 1777598921.1414049
12.7349 1.1149 -2.9842 1777598922.382388
12.7219 1.1120 -2.9798 1777598922.4049916
12.7214 1.1119 -2.9799 1777598923.6016
12.2078 0.9888 -2.9250 1777598923.612774
12.2078 0.9888 -2.9250 1777598924.8228002
12.1890 0.9827 -2.9206 1777598924.8371062
12.1890 0.9827 -2.9206 1777598925.9823198
11.5437 0.7828 -2.8459 1777598925.9965389
11.5434 0.7827 -2.8460 1777598927.0758648
11.5497 0.7819 -2.8458 1777598927.0951686
11.5497 0.7819 -2.8458 1777598928.1821334
11.1774 0.6473 -2.8205 1777598928.2211075
11.1774 0.6473 -2.8205 1777598929.415045
10.2581 0.3236 -2.7622 1777598929.4306445
10.2567 0.3231 -2.7623 1777598930.6067216
9.9788 0.3661 -2.6745 1777598930.6129615
9.9788 0.3661 -2.6745 1777598931.7096584
9.9804 0.3661 -2.6738 1777598931.7285733
9.9799 0.3659 -2.6738 1777598932.7838378
9.9782 0.3662 -2.6765 1777598932.8071938
9.9782 0.3662 -2.6765 1777598933.9153054
9.9812 0.3661 -2.6779 1777598933.9266033
9.9812 0.3661 -2.6779 1777598935.0064595
9.9892 0.3651 -2.6776 1777598935.014741
9.9888 0.3649 -2.6776 1777598936.0933783
9.9929 0.3643 -2.6770 1777598936.108466
9.9929 0.3643 -2.6770 1777598937.1768131
10.0213 0.3649 -2.7116 1777598937.1842794
10.0213 0.3649 -2.7116 1777598938.2254388
10.3148 0.4728 -1.6243 1777598938.235584
10.3148 0.4724 -1.6243 1777598939.280758
10.4483 0.5395 -1.7092 1777598939.2916768
10.4483 0.5395 -1.7092 1777598940.3580709
10.6416 0.5932 -1.6442 1777598940.3669994
10.7554 0.6191 -1.6510 1777598941.4110172
10.7840 0.6277 -1.6790 1777598942.455881
10.7774 0.6222 -1.7392 1777598943.4988725
10.7629 0.6266 -1.8528 1777598944.546576
10.7708 0.6093 -1.8899 1777598945.595166
10.7940 0.6195 -1.7807 1777598946.6977541
10.7604 0.6037 -1.8049 1777598947.7515671
10.7598 0.6036 -1.8054 1777598948.9521298
