16.0000 1.5000 -3.1416
15.9997 1.5004 -3.1412
15.9994 1.5004 -3.1407
16.0004 1.5010 -3.1413
16.0004 1.5010 -3.1402
15.9509 1.4990 -3.1384
15.7413 1.4891 -3.1382
15.5225 1.4780 -3.1254
15.4035 1.4741 -3.1359
14.8266 1.4437 3.1219
14.2693 1.4703 3.0920
13.5403 1.4633 -3.1376
13.0796 1.4273 -3.1242
12.3988 1.4027 3.1261
11.9961 1.4020 3.0998
11.5022 1.3956 3.1090
10.9622 1.3789 3.1275
10.4720 1.3525 -3.1374
9.9752 1.3314 3.1281
9.5917 1.3307 3.0975
9.1789 1.3346 3.0915
8.7473 1.3539 3.0464
8.4931 1.3994 2.9528
8.2380 1.4661 2.8622
7.9011 1.6024 2.7412
7.7062 1.6930 2.6633
7.4075 1.8906 2.5314
7.2141 2.0439 2.4573
6.8530 2.4104 2.3544
6.2555 2.9831 2.3623
5.8637 3.3404 2.3501
5.4402 3.7365 2.3636
5.1283 3.9981 2.3833
4.6140 4.4408 2.3816
4.2379 4.7779 2.3667
3.9291 5.0407 2.3820
3.4868 5.4406 2.3650
2.9045 5.9813 2.3674
2.4120 6.3710 2.3841
2.0908 6.6660 2.3784
1.7204 6.9981 2.3638
1.3216 7.3364 2.4250
0.9685 7.6417 2.3827
0.7100 7.8823 2.3642
0.3314 8.2443 2.3387
-0.2662 8.7093 2.4002
-0.6354 9.0339 2.3900
-0.9705 9.3270 2.3725
-1.4390 9.7604 2.3679
-1.8181 10.0633 2.4036
-2.0963 10.3193 2.3463
-2.3342 10.5674 2.3287
-2.5145 10.7804 2.2406
-2.5917 10.8862 2.1907
-2.7929 11.2392 2.0315
-2.9015 11.6340 1.8230
-2.9379 11.8807 1.7097
-2.9560 12.2422 1.6254
-2.9915 12.7180 1.6033
-3.0368 13.2168 1.6069
-3.0584 13.7495 1.5731
-3.1010 14.3766 1.5897
-3.1430 14.9435 1.6152
-3.1703 15.3518 1.6079
-3.2147 15.8086 1.6070
-3.2415 16.1889 1.6199
-3.3089 16.7296 1.6405
-3.4009 17.4066 1.6533
-3.4503 18.1263 1.6200
-3.5192 18.7278 1.6461
-3.6060 19.3453 1.6635
-3.6403 19.9095 1.6029
-3.6672 20.4589 1.5848
-3.7177 20.9592 1.6110
-3.7454 21.4679 1.6021
-3.7866 22.0249 1.6139
-3.8343 22.5041 1.6352
-3.8754 22.8559 1.6313
-3.9281 23.3874 1.6342
-3.9862 23.8171 1.6489
-4.0757 24.5264 1.6335
-4.1151 24.9729 1.6335
-4.1429 25.3549 1.6066
-4.1732 25.9509 1.5905
-4.2401 26.4386 1.6627
-4.3129 26.9915 1.6565
-4.3752 27.4860 1.6571
-4.4209 27.8827 1.6436
-4.4721 28.4433 1.6213
-4.5443 28.9117 1.6649
-4.6139 29.3900 1.6590
-4.6561 29.7547 1.6309
-4.6141 30.1821 1.4592
-4.4757 30.6267 1.2456
-4.2295 31.0662 1.0449
-3.9834 31.4097 0.9374
-3.5699 31.9797 0.9223
-3.2887 32.3974 0.9289
-2.9493 32.8624 0.9089
-2.6095 33.3723 0.9146
-2.1741 33.9008 0.8445
-1.8512 34.3269 0.8891
-1.5395 34.8588 0.9274
-1.1868 35.3207 0.8776
-0.9250 35.6945 0.9117
-0.6108 36.1344 0.8983
-0.1419 36.7516 0.8862
0.2410 37.2942 0.9260
0.5730 37.7966 0.9409
0.9299 38.3247 0.9170
1.2661 38.7457 0.8874
1.7153 39.3028 0.8635
2.0072 39.7197 0.9114
2.3516 40.2437 0.9244
2.7737 40.8574 0.9134
3.0861 41.1562 0.7597
3.4773 41.4670 0.6381
3.9640 41.7328 0.4693
4.4092 41.8805 0.3224
4.8158 41.9903 0.1953
5.4205 42.0444 0.1020
6.0144 42.2121 0.1862
6.4614 42.3104 0.1621
6.8533 42.3787 0.1469
7.3345 42.4715 0.1428
8.0787 42.6450 0.1752
8.4356 42.7244 0.1595
8.9011 42.8093 0.1366
9.4978 42.9141 0.1377
9.8072 42.9847 0.1494
10.3928 43.0749 0.1184
10.8756 43.1976 0.2199
11.4925 43.3447 0.1704
12.1062 43.4619 0.1512
12.6388 43.5720 0.1617
13.4644 43.7357 0.1813
14.0551 43.8695 0.1779
