16.0000 1.5000 -3.1416 1777593364.805004
16.0002 1.4999 3.1409 1777593366.0799682
16.0004 1.4998 3.1407 1777593367.2500758
16.0005 1.4998 3.1411 1777593368.4760754
16.0005 1.4998 3.1411 1777593369.593442
16.0034 1.5002 3.1414 1777593369.6079688
16.0027 1.5002 3.1414 1777593370.874975
15.9901 1.5007 -3.1368 1777593370.8812163
15.9894 1.5007 -3.1369 1777593371.9864242
15.5830 1.4778 -3.1072 1777593372.0059724
15.5811 1.4777 -3.1073 1777593373.1332588
15.4356 1.4635 -3.0784 1777593373.1612706
15.4351 1.4635 -3.0785 1777593374.28552
15.4349 1.4637 -3.0787 1777593374.2905746
15.4342 1.4636 -3.0788 1777593375.425708
15.4342 1.4636 -3.0788 1777593375.4335833
15.3911 1.4574 -3.0713 1777593375.445276
15.3902 1.4573 -3.0709 1777593376.65613
15.3743 1.4506 -3.0709 1777593376.6632907
15.2359 1.4382 -3.0677 1777593376.670951
15.2352 1.4382 -3.0675 1777593377.7852132
14.9973 1.4080 -3.0560 1777593377.8057184
14.9967 1.4080 -3.0558 1777593378.9271107
14.5075 1.1191 -3.0557 1777593378.9331264
14.5074 1.1194 -3.0541 1777593378.9458926
14.5068 1.1193 -3.0539 1777593380.0963047
14.4771 1.1189 -3.0539 1777593380.101335
14.4784 1.1191 -3.0551 1777593380.1138384
14.4777 1.1191 -3.0549 1777593381.2522917
14.4801 1.1186 -3.0544 1777593381.2689424
14.4794 1.1186 -3.0542 1777593382.4017122
14.4808 1.1183 -3.0522 1777593382.4067073
14.4802 1.1183 -3.0520 1777593383.5123196
14.4818 1.1188 -3.0510 1777593383.533265
14.4812 1.1188 -3.0508 1777593384.7246265
14.4671 1.1171 -3.0508 1777593384.7321336
14.4644 1.1171 -3.0500 1777593384.7455719
14.4636 1.1170 -3.0502 1777593385.9001048
14.4638 1.1165 -3.0500 1777593385.9094083
14.4631 1.1164 -3.0499 1777593387.0867271
13.9466 1.0836 3.0959 1777593387.0954258
13.9459 1.0836 3.0959 1777593388.2064068
13.1283 1.0955 3.0896 1777593388.232215
13.1276 1.0956 3.0896 1777593389.3793795
12.3550 1.0988 3.1103 1777593389.3941054
12.3544 1.0989 3.1099 1777593390.6267805
11.1608 1.0511 -3.0819 1777593390.6331794
11.1602 1.0510 -3.0820 1777593391.7642956
10.1982 1.0043 3.1097 1777593391.7733319
10.1975 1.0043 3.1097 1777593392.8775876
9.3548 0.9679 -3.1057 1777593392.8850896
9.3541 0.9678 -3.1058 1777593393.9880831
9.2890 0.9604 -3.0919 1777593394.001292
9.2882 0.9603 -3.0920 1777593395.211662
9.2971 0.9615 -3.0916 1777593395.2184489
9.2963 0.9614 -3.0916 1777593396.422368
9.2987 0.9612 -3.0958 1777593396.4281156
9.2981 0.9612 -3.0958 1777593397.5623496
9.2969 0.9615 -3.0950 1777593397.5672755
9.2960 0.9615 -3.0951 1777593398.6909537
9.3178 0.9628 -3.0922 1777593398.7052934
9.3169 0.9627 -3.0922 1777593399.8239803
9.3257 0.9634 -3.0944 1777593399.833327
9.3250 0.9634 -3.0944 1777593400.978939
9.3224 0.9626 -3.0917 1777593400.9897852
9.3274 0.9635 -3.0909 1777593402.1160283
9.3296 0.9637 -3.0906 1777593403.2354777
9.3302 0.9637 -3.0905 1777593404.3615456
9.3288 0.9635 -3.0908 1777593405.5140004
9.3290 0.9636 -3.0908 1777593406.6623504
9.3290 0.9637 -3.0909 1777593407.7942455
9.3295 0.9638 -3.0911 1777593408.9004853
9.3289 0.9638 -3.0913 1777593410.0057163
9.3295 0.9638 -3.0910 1777593411.1133196
9.3295 0.9638 -3.0910 1777593412.2184339
9.3290 0.9641 -3.0905 1777593412.233235
9.3284 0.9641 -3.0906 1777593413.414945
9.3254 0.9645 -3.0906 1777593413.427267
9.3248 0.9645 -3.0906 1777593414.5801597
9.1439 0.9493 -3.0906 1777593414.5990124
9.1431 0.9492 -3.0906 1777593415.7486231
8.0330 0.8746 -3.1350 1777593415.7750573
8.0323 0.8746 -3.1356 1777593417.049781
6.4806 0.7311 -2.9727 1777593417.0558348
6.4806 0.7311 -2.9727 1777593418.2015913
5.3637 0.5305 -3.0171 1777593418.213325
5.3630 0.5304 -3.0171 1777593419.365915
4.7222 0.5182 3.0529 1777593419.3725305
4.7215 0.5182 3.0529 1777593420.4868414
3.8670 0.5338 3.1276 1777593420.5052183
3.8670 0.5338 3.1276 1777593421.6339886
3.8670 0.5338 3.1276 1777593421.641296
3.6224 0.5224 -3.1032 1777593421.6488159
3.6223 0.5224 -3.1033 1777593422.8860095
3.6046 0.5191 -3.1033 1777593422.8908553
3.5420 0.5179 3.1385 1777593422.897897
3.5419 0.5179 3.1383 1777593424.042838
3.2902 0.5446 2.9410 1777593424.0485737
3.2900 0.5446 2.9408 1777593425.1865857
2.7518 0.7879 2.4644 1777593425.1974452
2.7518 0.7879 2.4644 1777593426.3652103
2.5545 0.9921 2.2837 1777593426.3734815
2.5545 0.9921 2.2837 1777593427.4802482
2.5545 0.9896 2.2849 1777593427.485358
2.5543 0.9898 2.2846 1777593428.5951302
2.4267 1.1412 2.1729 1777593428.6112192
2.4262 1.1419 2.1724 1777593429.7566962
2.1601 1.8068 1.7143 1777593429.77335
2.1599 1.8077 1.7142 1777593430.9377503
2.0481 2.6420 1.5937 1777593430.9572153
2.0481 2.6429 1.5937 1777593432.0738635
2.0806 3.7332 1.4693 1777593432.0934567
2.0806 3.7341 1.4693 1777593433.2436006
2.0994 4.7993 1.5893 1777593433.266663
2.0994 4.8004 1.5893 1777593434.4474285
1.9764 6.0857 1.6450 1777593434.456395
1.9764 6.0866 1.6450 1777593435.6495993
1.8235 7.1984 1.6535 1777593435.6548195
1.8234 7.1997 1.6540 1777593436.772184
1.9625 8.0937 1.3328 1777593436.7791831
1.9627 8.0945 1.3328 1777593437.964166
2.1254 9.1101 1.5158 1777593437.9772673
2.1254 9.1107 1.5154 1777593439.2056034
1.9816 10.4935 1.7040 1777593439.2136047
1.9815 10.4940 1.7036 1777593440.361542
1.7721 11.7568 1.6967 1777593440.381262
1.7720 11.7574 1.6966 1777593441.519376
1.6220 13.1190 1.5250 1777593441.5244017
1.6220 13.1198 1.5249 1777593442.6315606
1.5798 14.2142 1.6131 1777593442.641334
1.5798 14.2150 1.6127 1777593443.7725427
1.4798 15.2231 1.6330 1777593443.7785273
1.4798 15.2237 1.6330 1777593444.8852267
1.4316 16.2971 1.5706 1777593444.8903494
1.4316 16.2978 1.5704 1777593445.9954715
1.3667 17.5679 1.6039 1777593446.0067735
1.3666 17.5690 1.6037 1777593447.1353116
1.3046 18.8023 1.5795 1777593447.145604
1.3046 18.8028 1.5791 1777593448.2517245
1.1961 19.9297 1.6913 1777593448.2567651
1.1960 19.9303 1.6912 1777593449.3673515
1.1337 20.6429 1.4936 1777593449.3774188
1.1338 20.6439 1.4936 1777593450.5345135
1.1635 21.6010 1.5207 1777593450.539565
1.1635 21.6022 1.5206 1777593451.6481912
1.1442 22.3680 1.5998 1777593451.6772609
1.1442 22.3689 1.5998 1777593452.8898675
1.1192 22.6730 1.6263 1777593452.8947713
1.1191 22.6740 1.6262 1777593454.0190892
1.1194 22.6760 1.6258 1777593454.0276144
1.1194 22.6766 1.6253 1777593455.1660068
1.1194 22.6766 1.6253 1777593455.1730623
1.0597 23.1773 1.6582 1777593455.1799324
1.0596 23.1782 1.6576 1777593456.3231735
1.0040 23.7849 1.6111 1777593456.3353899
1.0040 23.7854 1.6107 1777593457.4505308
1.0030 23.7890 1.6092 1777593457.4613578
1.0030 23.7892 1.6090 1777593458.6359386
1.0052 23.7876 1.6079 1777593458.6453035
1.0052 23.7876 1.6079 1777593459.7887785
1.0043 23.9900 1.4716 1777593459.8151658
1.0043 23.9901 1.4714 1777593461.0330942
1.1266 24.3967 1.1027 1777593461.0383039
1.1268 24.3970 1.1024 1777593462.141304
1.2796 24.6345 0.9025 1777593462.1461408
1.2798 24.6347 0.9021 1777593463.2566764
1.5282 24.8914 0.6339 1777593463.26659
1.5287 24.8918 0.6334 1777593464.4673212
1.9540 25.1054 0.2329 1777593464.4776592
1.9552 25.1057 0.2328 1777593465.648701
2.9025 24.9725 -0.3198 1777593465.6819553
2.9027 24.9724 -0.3195 1777593466.9338417
4.0480 24.6236 -0.3115 1777593466.9411197
4.0486 24.6234 -0.3115 1777593468.086594
4.8687 24.6270 0.1026 1777593468.1014564
4.8687 24.6270 0.1026 1777593469.2721713
6.2003 24.5989 -0.0804 1777593469.2770135
6.2011 24.5989 -0.0804 1777593470.3858402
6.6097 24.5977 -0.0204 1777593470.390961
6.6104 24.5977 -0.0205 1777593471.5553782
7.9483 24.6502 0.0417 1777593471.5735383
7.9491 24.6502 0.0413 1777593472.7240589
9.0329 24.7895 0.1355 1777593472.7374055
9.0338 24.7896 0.1354 1777593473.883968
10.0946 24.9585 0.1032 1777593473.9013891
10.0954 24.9586 0.1031 1777593475.0615885
11.2532 25.1721 0.1671 1777593475.077311
11.2540 25.1723 0.1671 1777593476.2153373
11.9518 25.2842 -0.0028 1777593476.2372992
11.9524 25.2842 -0.0029 1777593477.4089415
12.9824 25.2684 -0.0416 1777593477.4241726
12.9831 25.2684 -0.0417 1777593478.5772715
14.1422 25.2754 -0.0452 1777593478.5820956
14.1428 25.2754 -0.0454 1777593479.773064
15.2217 25.2906 -0.0196 1777593479.7783487
15.2224 25.2906 -0.0197 1777593480.8887644
16.2785 25.2982 -0.0711 1777593480.8937745
16.2790 25.2982 -0.0714 1777593481.9981716
17.5373 25.2939 -0.0056 1777593482.0132833
17.5379 25.2939 -0.0056 1777593483.1650732
18.7045 25.3023 -0.0638 1777593483.1793828
18.7051 25.3023 -0.0638 1777593484.3069673
19.6444 25.2947 -0.0231 1777593484.3124642
19.6451 25.2946 -0.0231 1777593485.431794
20.8229 25.3543 0.0439 1777593485.4379838
20.8235 25.3543 0.0438 1777593486.6268098
21.8613 25.4759 0.0072 1777593486.6371293
21.8618 25.4759 0.0071 1777593487.7658155
22.8757 25.4844 -0.0026 1777593487.7716894
22.8766 25.4844 -0.0029 1777593488.8982527
23.6141 25.5459 0.0740 1777593488.9332876
23.6146 25.5459 0.0738 1777593490.0388076
24.0935 25.5944 0.0346 1777593490.057745
24.0941 25.5944 0.0346 1777593491.2029521
24.9206 25.5923 -0.0936 1777593491.2087793
24.9213 25.5922 -0.0936 1777593492.3173707
25.4366 25.5648 -0.0925 1777593492.3262334
25.4373 25.5648 -0.0925 1777593493.461709
25.8583 25.5470 -0.0741 1777593493.4667091
25.8591 25.5470 -0.0742 1777593494.5744762
25.9441 25.5403 -0.0548 1777593494.5902746
25.9448 25.5403 -0.0549 1777593495.7157936
25.9300 25.5388 -0.0519 1777593495.7252574
25.9307 25.5388 -0.0520 1777593496.8349016
25.9221 25.5380 -0.0479 1777593496.8452418
25.9230 25.5380 -0.0479 1777593497.9707189
25.9200 25.5376 -0.0472 1777593497.9852898
25.9215 25.5376 -0.0473 1777593499.0983665
25.9217 25.5375 -0.0486 1777593499.1173015
25.9229 25.5374 -0.0486 1777593500.266346
25.9224 25.5374 -0.0494 1777593500.2853148
25.9232 25.5373 -0.0494 1777593501.4347131
26.0662 25.5393 -0.0447 1777593501.4533324
26.0671 25.5393 -0.0451 1777593502.5854373
27.0082 25.5685 0.0494 1777593502.595969
27.0088 25.5686 0.0494 1777593503.731824
27.9347 25.6812 0.0895 1777593503.7414193
27.9355 25.6813 0.0894 1777593504.9173908
28.7217 25.8118 0.1585 1777593504.9417984
28.7224 25.8119 0.1578 1777593506.111546
29.3651 25.9643 0.1952 1777593506.1318579
29.3660 25.9644 0.1952 1777593507.24503
29.8397 26.0867 0.1895 1777593507.257302
29.8403 26.0868 0.1894 1777593508.378355
30.4405 26.2276 0.2012 1777593508.3836093
30.4411 26.2277 0.2011 1777593509.5020115
30.7694 26.3189 0.2322 1777593509.5071175
30.7703 26.3191 0.2322 1777593510.6335802
31.0244 26.3969 0.2467 1777593510.647973
31.0251 26.3971 0.2467 1777593511.7940466
31.1413 26.4275 0.2508 1777593511.817495
31.1420 26.4277 0.2508 1777593512.9316158
31.1420 26.4277 0.2508 1777593512.9535336
31.6682 26.6000 0.2877 1777593512.977219
31.6689 26.6002 0.2876 1777593514.082424
31.8297 26.6541 0.3115 1777593514.0875838
31.8305 26.6544 0.3115 1777593515.249104
31.6678 26.5571 0.3115 1777593515.2542195
31.6664 26.5569 0.3086 1777593515.2653527
31.6667 26.5570 0.3082 1777593516.5943413
31.8024 26.6011 0.2327 1777593516.6136398
31.8025 26.6012 0.2325 1777593517.756712
32.2455 26.6484 -0.1092 1777593517.7620566
32.2456 26.6484 -0.1094 1777593518.8772647
32.8333 26.3621 -0.8027 1777593518.8820612
32.8333 26.3621 -0.8027 1777593519.9906256
33.1445 25.6806 -1.4021 1777593519.995463
33.1447 25.6799 -1.4025 1777593521.1576486
33.1982 25.4540 -1.3789 1777593521.1625311
33.1982 25.4537 -1.3786 1777593522.2799475
33.1970 24.5979 -1.7270 1777593522.3213682
33.1969 24.5972 -1.7270 1777593523.552818
33.1945 23.2683 -1.5122 1777593523.558031
33.1945 23.2673 -1.5123 1777593524.7473736
33.3024 21.9228 -1.4964 1777593524.7532759
33.3024 21.9221 -1.4967 1777593526.0512567
33.5868 20.4209 -1.3485 1777593526.0577219
33.5870 20.4200 -1.3489 1777593527.4039075
33.8679 19.5383 -1.3194 1777593527.4254005
33.8679 19.5381 -1.3197 1777593528.57082
34.1191 18.8627 -1.2158 1777593528.586475
34.1193 18.8623 -1.2162 1777593529.7135487
34.2894 18.2750 -1.4632 1777593529.7262928
34.2895 18.2740 -1.4632 1777593530.8484426
34.3080 17.5180 -1.5682 1777593530.8653007
34.3080 17.5172 -1.5682 1777593532.1039762
34.3568 16.9121 -1.5159 1777593532.1088903
34.3569 16.9113 -1.5159 1777593533.21348
34.3588 16.8795 -1.5178 1777593533.2257047
34.3589 16.8787 -1.5178 1777593534.372757
34.3589 16.8811 -1.5175 1777593534.4053166
34.3589 16.8804 -1.5176 1777593535.576814
34.3588 16.8868 -1.5195 1777593535.5816512
34.3589 16.8851 -1.5196 1777593536.6944585
34.3601 16.8855 -1.5175 1777593536.7093108
34.3601 16.8847 -1.5176 1777593537.8667176
34.3708 16.7666 -1.5089 1777593537.878119
34.3709 16.7659 -1.5089 1777593539.0198536
34.3986 16.5222 -1.4906 1777593539.0374222
34.3987 16.5214 -1.4906 1777593540.1756828
34.4293 16.2714 -1.4754 1777593540.1972604
34.4294 16.2708 -1.4754 1777593541.3272572
34.5048 15.8169 -1.4436 1777593541.3494978
34.5049 15.8163 -1.4440 1777593542.6430967
34.6553 15.0444 -1.4176 1777593542.6484847
34.6554 15.0436 -1.4176 1777593543.778287
34.7913 14.1629 -1.4579 1777593543.7933552
34.7913 14.1622 -1.4580 1777593544.9511073
34.9855 12.9926 -1.4805 1777593544.967057
34.9855 12.9919 -1.4807 1777593546.077542
35.1111 12.1277 -1.4809 1777593546.095494
35.1111 12.1269 -1.4809 1777593547.2145784
35.2167 11.2253 -1.5211 1777593547.2226665
35.2167 11.2245 -1.5216 1777593548.36714
35.3260 10.2381 -1.4496 1777593548.4004765
35.3260 10.2375 -1.4496 1777593549.5941384
35.4356 9.1877 -1.5951 1777593549.6058233
35.4356 9.1870 -1.5951 1777593550.7783082
35.4524 8.2591 -1.5518 1777593550.8013096
35.4524 8.2582 -1.5520 1777593552.0197551
35.5233 7.4724 -1.4718 1777593552.044404
35.5233 7.4717 -1.4719 1777593553.1572518
35.6014 6.8512 -1.4791 1777593553.1625059
35.6015 6.8504 -1.4795 1777593554.27868
35.7061 5.9994 -1.5378 1777593554.2849696
35.7062 5.9989 -1.5381 1777593555.421323
35.7404 5.2750 -1.6076 1777593555.4373958
35.7404 5.2750 -1.6076 1777593556.6011155
35.7080 4.4508 -1.6821 1777593556.6060987
35.7080 4.4504 -1.6825 1777593557.7715843
35.6256 3.8568 -1.8887 1777593557.8013346
35.6255 3.8565 -1.8891 1777593558.9175737
35.4775 3.5274 -2.1474 1777593558.9224072
35.4774 3.5272 -2.1478 1777593560.0549874
34.9257 2.9936 -2.5984 1777593560.0654047
34.9255 2.9935 -2.5988 1777593561.3416708
34.3459 2.7052 -2.8748 1777593561.350511
34.3452 2.7050 -2.8747 1777593562.492435
33.6743 2.6513 3.0346 1777593562.5177088
33.6736 2.6514 3.0346 1777593563.6602616
32.7309 2.7175 3.0602 1777593563.6798956
32.7302 2.7176 3.0601 1777593564.7950609
32.1537 2.7320 3.0994 1777593564.8007708
32.1530 2.7320 3.0993 1777593565.92224
31.3664 2.7242 -3.1300 1777593565.9350717
31.3657 2.7242 -3.1300 1777593567.18821
30.4909 2.6949 -3.1229 1777593567.2015758
30.4901 2.6948 -3.1230 1777593568.347622
29.5198 2.6081 -3.0315 1777593568.377464
29.5190 2.6080 -3.0317 1777593569.5431051
28.2835 2.4026 -3.0415 1777593569.5774152
28.2826 2.4025 -3.0414 1777593570.7987232
26.8504 2.1461 -3.0018 1777593570.818735
26.8494 2.1460 -3.0020 1777593572.0146933
25.3996 1.8284 -2.9246 1777593572.0208793
25.3994 1.8284 -2.9248 1777593573.1701217
24.2443 1.4423 -2.7944 1777593573.179668
24.2442 1.4423 -2.7945 1777593574.332154
23.9286 1.3186 -2.8307 1777593574.3412702
23.9277 1.3183 -2.8307 1777593575.498999
23.8288 1.2784 -2.9018 1777593575.521515
23.8281 1.2782 -2.9019 1777593576.63941
22.8228 1.1638 -3.1084 1777593576.657305
22.8219 1.1638 -3.1085 1777593577.7753065
21.5836 1.0460 3.1139 1777593577.781416
21.5825 1.0460 3.1139 1777593578.9246356
20.2568 1.0135 -3.0823 1777593578.9379888
20.2563 1.0134 -3.0827 1777593580.1584713
19.0653 0.7994 -2.9345 1777593580.1733732
19.0644 0.7992 -2.9345 1777593581.3514311
18.3341 0.6279 -2.9862 1777593581.3814006
18.3335 0.6278 -2.9863 1777593582.6212285
17.8059 0.5134 -2.9368 1777593582.6262634
17.8052 0.5133 -2.9368 1777593583.8413255
17.3694 0.3958 -2.9302 1777593583.8468173
17.3685 0.3956 -2.9303 1777593584.9771893
14.9542 2.7809 -2.9327 1777593584.9811807
14.3866 2.5947 -2.8853 1777593584.9917421
14.3857 2.5945 -2.8854 1777593586.2304862
15.1864 1.1985 -2.8846 1777593586.2359614
15.0863 1.1732 -2.8576 1777593586.2905111
15.0852 1.1729 -2.8576 1777593587.499874
14.4764 1.4290 -2.8578 1777593587.5049026
14.4860 1.4298 -2.8594 1777593587.5145226
14.4853 1.4296 -2.8594 1777593588.7140014
14.4995 1.2806 -2.8594 1777593588.7185724
14.4999 1.2810 -2.8585 1777593588.7270756
