16.0000 1.5000 -3.1416 1777587883.158877
15.9998 1.5000 3.1410 1777587884.3792179
16.0004 1.4999 -3.1389 1777587885.5181332
16.0002 1.4997 -3.1394 1777587886.6222959
16.0000 1.4997 -3.1404 1777587887.7332194
15.9999 1.4997 -3.1404 1777587888.8324575
16.0000 1.4996 -3.1407 1777587889.9416559
16.0000 1.4996 -3.1410 1777587891.0482285
16.0000 1.4996 -3.1411 1777587892.1484256
15.9998 1.4997 3.1412 1777587893.2382777
15.9998 1.4996 3.1414 1777587894.3187428
15.9998 1.4996 -3.1415 1777587895.3982909
15.9998 1.4996 3.1414 1777587896.4753811
15.9998 1.4996 3.1415 1777587897.5705187
15.9998 1.4996 3.1416 1777587898.6548426
15.9999 1.4997 -3.1415 1777587899.7386088
16.0015 1.4958 3.1111 1777587900.81816
16.0016 1.4929 3.0872 1777587901.906616
16.0016 1.4930 3.0873 1777587902.989871
16.0016 1.4930 3.0876 1777587904.0725384
16.0016 1.4931 3.0877 1777587905.153617
16.0014 1.4930 3.0877 1777587906.2311435
16.0014 1.4930 3.0877 1777587907.3167996
16.0015 1.4930 3.0877 1777587908.431753
16.0015 1.4930 3.0877 1777587909.5165176
16.0016 1.4931 3.0879 1777587910.5977461
16.0008 1.4959 3.1134 1777587911.6803026
16.0007 1.4959 3.1131 1777587912.7822354
16.0008 1.4959 3.1131 1777587913.862032
16.0007 1.4959 3.1131 1777587914.9458985
16.0007 1.4958 3.1131 1777587916.0259585
16.0007 1.4958 3.1130 1777587917.2342474
16.0007 1.4958 3.1130 1777587918.316362
16.0007 1.4958 3.1130 1777587919.3925605
16.0006 1.4958 3.1130 1777587920.4694922
16.0006 1.4958 3.1130 1777587921.546505
16.0006 1.4958 3.1131 1777587922.642217
16.0006 1.4958 3.1131 1777587923.7230792
16.0006 1.4958 3.1132 1777587924.862435
16.0006 1.4958 3.1132 1777587925.9414933
16.0006 1.4958 3.1131 1777587927.0229053
16.0006 1.4958 3.1132 1777587928.1061018
16.0006 1.4958 3.1132 1777587929.187505
16.0006 1.4958 3.1132 1777587930.328496
16.0006 1.4958 3.1133 1777587931.4130468
16.0006 1.4958 3.1132 1777587932.4895444
16.0006 1.4958 3.1131 1777587933.577575
16.0006 1.4958 3.1131 1777587934.6587095
16.0006 1.4958 3.1130 1777587935.738397
16.0006 1.4958 3.1130 1777587936.8232298
16.0006 1.4958 3.1130 1777587937.9042192
16.0006 1.4958 3.1130 1777587938.9852362
16.0006 1.4958 3.1131 1777587940.0618212
16.0007 1.4958 3.1131 1777587941.3060932
16.0007 1.4958 3.1131 1777587942.386501
16.0007 1.4958 3.1130 1777587943.4666307
16.0007 1.4958 3.1131 1777587944.5502167
16.0007 1.4958 3.1131 1777587945.645239
16.0007 1.4958 3.1131 1777587946.7256286
16.0007 1.4958 3.1131 1777587947.8043263
16.0007 1.4958 3.1131 1777587948.892764
16.0007 1.4958 3.1130 1777587949.971677
16.0007 1.4958 3.1130 1777587951.0534515
16.0007 1.4958 3.1130 1777587952.1460884
16.0020 1.4968 3.1217 1777587953.2283323
16.0020 1.4968 3.1217 1777587954.3091338
16.0020 1.4968 3.1217 1777587955.3879614
16.0020 1.4968 3.1218 1777587956.4690251
16.0020 1.4968 3.1218 1777587957.548859
16.0019 1.4968 3.1218 1777587958.6254938
16.0019 1.4969 3.1222 1777587959.7130218
