16.0000 1.5000 -3.1416 1777592802.8254955
15.9990 1.5000 -3.1416 1777592803.9952507
15.9997 1.5001 3.1410 1777592805.09323
16.0004 1.5001 3.1415 1777592806.1681373
16.0004 1.5001 3.1415 1777592807.249216
15.9998 1.5003 -3.1401 1777592807.2572925
15.9992 1.5003 -3.1401 1777592808.3429043
15.9911 1.4998 -3.1345 1777592808.3510637
15.9905 1.4998 -3.1344 1777592809.4816952
15.7825 1.4847 -3.1049 1777592809.4868681
15.7813 1.4846 -3.1047 1777592810.5639858
15.1180 1.4097 -3.0375 1777592810.576425
15.1173 1.4096 -3.0374 1777592811.64709
15.0368 1.3964 -3.0287 1777592811.6688612
15.0361 1.3963 -3.0286 1777592812.8224642
15.0417 1.3966 -3.0292 1777592812.829348
15.0410 1.3965 -3.0291 1777592813.9441018
15.0442 1.3962 -3.0297 1777592813.9500854
15.0435 1.3961 -3.0296 1777592815.0054214
15.0435 1.3961 -3.0301 1777592815.0112667
15.0425 1.3960 -3.0300 1777592816.100995
15.0425 1.3960 -3.0300 1777592816.1152942
15.0452 1.3956 -3.0321 1777592816.1256895
15.0447 1.3956 -3.0319 1777592817.1945605
15.0324 1.3939 -3.0265 1777592817.2054653
15.0320 1.3938 -3.0263 1777592818.2847147
15.0299 1.3941 -3.0249 1777592818.2929962
15.0294 1.3940 -3.0247 1777592819.4418557
15.0312 1.3939 -3.0235 1777592819.447527
15.0308 1.3938 -3.0233 1777592820.5075421
15.0333 1.3939 -3.0238 1777592820.5252569
15.0325 1.3938 -3.0234 1777592821.5897691
15.0164 1.3940 -3.0237 1777592821.5961363
15.0159 1.3940 -3.0234 1777592822.6612434
15.0107 1.3940 -3.0242 1777592822.6692457
15.0102 1.3939 -3.0240 1777592823.7105482
15.0088 1.3936 -3.0230 1777592823.715585
15.0082 1.3935 -3.0227 1777592824.7612636
15.0108 1.3934 -3.0226 1777592824.777463
15.0103 1.3933 -3.0224 1777592825.8201962
15.0170 1.3935 -3.0241 1777592825.8279097
15.0201 1.3935 -3.0237 1777592826.8692055
15.0244 1.3934 -3.0243 1777592827.977283
15.0315 1.3933 -3.0241 1777592829.0221329
15.0298 1.3933 -3.0236 1777592830.0854175
15.0270 1.3933 -3.0226 1777592831.1461773
15.0275 1.3934 -3.0221 1777592832.2018752
15.0288 1.3933 -3.0226 1777592833.3018053
15.0283 1.3933 -3.0229 1777592834.345231
15.0288 1.3933 -3.0231 1777592835.3916037
15.0288 1.3933 -3.0229 1777592836.445847
15.0289 1.3933 -3.0228 1777592837.5172384
15.0286 1.3934 -3.0226 1777592838.5772383
15.0285 1.3934 -3.0227 1777592839.628424
15.0293 1.3934 -3.0225 1777592840.789473
15.0290 1.3934 -3.0225 1777592841.857256
15.0290 1.3934 -3.0227 1777592842.9131863
15.0290 1.3934 -3.0226 1777592843.9675705
15.0289 1.3934 -3.0227 1777592845.0332787
15.0289 1.3934 -3.0227 1777592846.1132703
15.0287 1.3934 -3.0226 1777592847.1859972
15.0288 1.3934 -3.0227 1777592848.3083346
15.0287 1.3933 -3.0228 1777592849.3544946
15.0287 1.3934 -3.0228 1777592850.4026198
15.0288 1.3933 -3.0228 1777592851.565654
15.0288 1.3933 -3.0228 1777592852.718114
15.0287 1.3933 -3.0227 1777592853.765671
15.0287 1.3933 -3.0227 1777592854.8506424
15.0287 1.3933 -3.0227 1777592856.0149164
15.0287 1.3933 -3.0226 1777592857.0693862
15.0281 1.3933 -3.0226 1777592858.1452842
15.0290 1.3933 -3.0226 1777592859.2043304
15.0297 1.3933 -3.0226 1777592860.2486956
