16.0000 1.5000 -3.1416 1777594226.5330305
16.0000 1.5000 -3.1416 1777594226.5497465
16.0000 1.5000 -3.1416 1777594226.6000051
16.0000 1.5000 -3.1416 1777594226.6496072
16.0000 1.5000 -3.1416 1777594226.6993873
16.0000 1.5000 -3.1416 1777594226.749492
16.0000 1.5000 -3.1416 1777594226.7995107
16.0000 1.5000 -3.1416 1777594226.8495798
16.0000 1.5000 -3.1416 1777594226.8996627
16.0000 1.5000 -3.1416 1777594226.9506536
16.0000 1.5000 -3.1416 1777594226.9999409
16.0000 1.5000 -3.1416 1777594227.0498683
16.0000 1.5000 -3.1416 1777594227.103259
16.0000 1.5000 -3.1416 1777594227.1496656
16.0000 1.5000 -3.1416 1777594227.199733
16.0000 1.5000 -3.1416 1777594227.249855
16.0000 1.5000 -3.1416 1777594227.299486
16.0000 1.5000 -3.1416 1777594227.3502827
16.0000 1.5000 -3.1416 1777594227.4012916
16.0000 1.5000 -3.1416 1777594227.4500096
16.0000 1.5000 -3.1416 1777594227.5033948
16.0000 1.5000 -3.1416 1777594227.5495465
16.0000 1.5000 -3.1416 1777594227.599557
16.0000 1.5000 -3.1416 1777594227.6496408
16.0000 1.5000 -3.1416 1777594227.6998668
16.0000 1.5000 -3.1416 1777594227.7498093
16.0000 1.5000 -3.1416 1777594227.7994459
16.0000 1.5000 -3.1416 1777594227.8500607
16.0000 1.5000 -3.1416 1777594227.8995655
16.0000 1.5000 -3.1416 1777594227.9553683
16.0000 1.5000 -3.1416 1777594227.999888
16.0000 1.5000 -3.1416 1777594228.0528586
16.0000 1.5000 -3.1416 1777594228.1005242
16.0000 1.5000 -3.1416 1777594228.1499405
16.0000 1.5000 -3.1416 1777594228.1997597
16.0000 1.5000 -3.1416 1777594228.249906
16.0004 1.4999 3.1404 1777594228.2988036
16.0004 1.4999 3.1404 1777594228.308525
16.0004 1.4999 3.1404 1777594228.3498888
16.0004 1.4999 3.1404 1777594228.4006698
16.0004 1.4997 3.1410 1777594229.8940244
16.0004 1.4998 3.1413 1777594231.1342342
16.0003 1.4996 3.1409 1777594232.357418
16.0001 1.4997 3.1406 1777594233.5821207
16.0003 1.4997 3.1411 1777594234.720475
16.0006 1.4997 3.1409 1777594235.881322
16.0006 1.4998 3.1411 1777594237.0385387
16.0005 1.4998 3.1412 1777594238.1929388
16.0005 1.4998 3.1413 1777594239.3209217
16.0005 1.4999 3.1415 1777594240.4348633
16.0005 1.4999 3.1414 1777594241.5471647
16.0005 1.5000 3.1414 1777594242.6615324
16.0000 1.5000 -3.1415 1777594243.7853312
