16.0000 1.5000 -3.1416 1777591942.5146759
16.0007 1.5000 -3.1411 1777591943.7521827
16.0007 1.5000 -3.1411 1777591945.154323
15.9982 1.5006 -3.1398 1777591945.1734972
15.9969 1.5005 -3.1398 1777591946.3803434
15.9969 1.5005 -3.1398 1777591946.393511
15.9995 1.5005 3.1407 1777591946.4039326
15.9988 1.5005 3.1407 1777591947.5829175
15.9250 1.5240 3.1407 1777591947.5881126
15.5308 1.5002 -3.1250 1777591947.6133919
15.5301 1.5001 -3.1250 1777591948.8404522
15.5266 1.5767 -3.1251 1777591948.8459198
15.2280 1.5507 -3.0859 1777591948.853428
15.2273 1.5507 -3.0861 1777591950.091142
15.3483 1.6071 -3.0861 1777591950.1006937
14.8737 1.5373 -3.1068 1777591950.1137073
14.8729 1.5372 -3.1073 1777591951.3171065
15.1345 1.5537 -3.1074 1777591951.3223803
14.3525 1.5069 3.1395 1777591951.3294282
14.3517 1.5069 3.1398 1777591952.5778706
14.8459 1.4468 3.1398 1777591952.5839958
14.0500 1.5061 2.8017 1777591952.6107616
14.0474 1.5070 2.8017 1777591953.7990654
14.4784 1.2183 2.8017 1777591953.8173318
13.7473 1.4262 2.9907 1777591953.864582
13.7466 1.4263 2.9904 1777591955.0844395
14.2994 1.2502 2.9903 1777591955.0889142
13.6316 1.3501 3.1243 1777591955.1026926
13.6305 1.3502 3.1242 1777591956.3698652
14.1017 1.4002 3.1241 1777591956.3752084
13.3149 1.4270 3.1356 1777591956.3856893
13.3138 1.4270 3.1355 1777591957.586139
12.5342 1.3928 -3.1388 1777591957.5975134
12.5339 1.3928 -3.1391 1777591958.8424737
11.5113 1.3223 -3.0836 1777591958.857604
11.5106 1.3223 -3.0836 1777591960.0576108
10.6427 1.3385 3.0600 1777591960.0706847
10.6420 1.3385 3.0600 1777591961.367945
9.7848 1.3531 3.0910 1777591961.373613
9.7838 1.3531 3.0910 1777591962.5775912
9.1482 1.3440 3.1161 1777591962.6013343
9.1470 1.3440 3.1161 1777591963.8048997
8.5527 1.3385 3.1191 1777591963.8109062
8.5516 1.3385 3.1188 1777591964.989259
7.8907 1.3095 -3.0978 1777591965.0238342
7.8899 1.3094 -3.0981 1777591966.213617
7.6545 1.2860 -3.0865 1777591966.2293777
7.6536 1.2860 -3.0868 1777591967.431042
7.6536 1.2860 -3.0868 1777591967.4392486
7.3467 1.2649 -3.1200 1777591967.4572387
7.3459 1.2649 -3.1202 1777591968.6436644
7.3339 1.2684 -3.1202 1777591968.648402
7.2652 1.2669 -3.1226 1777591968.661379
7.2645 1.2669 -3.1231 1777591969.8620298
7.2586 1.2690 -3.1231 1777591969.8680336
7.0860 1.2574 -3.1261 1777591969.891287
7.0853 1.2574 -3.1267 1777591971.2264314
6.9880 1.2971 -3.1267 1777591971.2318954
6.7952 1.2821 3.1141 1777591971.238328
6.7950 1.2821 3.1138 1777591972.500166
6.9323 1.2378 3.1139 1777591972.5078375
6.8563 1.2308 3.0595 1777591972.5159564
6.8561 1.2308 3.0592 1777591973.6855736
6.7833 1.1550 3.0593 1777591973.6901622
6.5198 1.1740 2.8363 1777591973.697271
6.5196 1.1741 2.8360 1777591974.870897
6.5751 0.9230 2.8361 1777591974.8751862
6.0566 1.1681 2.2522 1777591974.8897767
6.0564 1.1683 2.2518 1777591976.0708919
5.9997 0.5186 2.2521 1777591976.0764813
5.7513 0.9012 1.7795 1777591976.102157
5.7510 0.9023 1.7792 1777591977.2748942
5.2286 0.4147 1.7795 1777591977.2936482
5.1684 0.7055 1.4914 1777591977.3253481
5.1684 0.7062 1.4919 1777591978.63315
5.4896 2.1160 1.3582 1777591978.6426022
5.4898 2.1172 1.3582 1777591979.798355
5.5457 2.8528 1.4467 1777591979.8039372
5.5458 2.8538 1.4461 1777591980.9530475
5.6223 3.8932 1.4939 1777591980.9693837
5.6223 3.8938 1.4935 1777591982.1983426
5.6534 4.9902 1.5155 1777591982.203496
5.6535 4.9913 1.5155 1777591983.3473487
5.7332 5.7884 1.3640 1777591983.365403
5.7334 5.7893 1.3639 1777591984.6310878
5.7732 6.5177 1.5355 1777591984.6614377
5.7732 6.5186 1.5355 1777591985.868621
5.7423 7.3618 1.5918 1777591985.8820286
5.7423 7.3627 1.5917 1777591987.109674
5.6891 8.2729 1.5280 1777591987.1156497
5.6891 8.2739 1.5280 1777591988.2751818
5.7073 8.8869 1.5124 1777591988.3059006
5.7074 8.8878 1.5124 1777591989.5438726
5.7048 9.3782 1.5443 1777591989.5894122
5.7048 9.3792 1.5442 1777591990.811481
5.6799 10.0148 1.5951 1777591990.8295097
5.6799 10.0157 1.5948 1777591992.00084
5.6459 10.6215 1.5708 1777591992.0175388
5.6459 10.6222 1.5706 1777591993.2300992
5.6455 11.3887 1.4826 1777591993.2353988
5.6456 11.3898 1.4825 1777591994.5947938
5.7089 12.1108 1.4452 1777591994.6018064
5.7090 12.1117 1.4451 1777591995.7891045
5.7480 13.0168 1.5492 1777591995.7957938
5.7480 13.0183 1.5489 1777591997.0249827
5.7074 14.0895 1.6018 1777591997.036689
5.7074 14.0902 1.6013 1777591998.2359524
5.6112 15.1004 1.6336 1777591998.2430685
5.6111 15.1014 1.6333 1777591999.483729
5.5724 15.9246 1.5100 1777591999.5095818
5.5725 15.9257 1.5099 1777592000.6815653
5.6255 17.0746 1.4531 1777592000.7061446
5.6256 17.0754 1.4530 1777592001.8555508
5.6744 17.9893 1.5052 1777592001.881282
5.6745 17.9902 1.5051 1777592003.0440953
5.6574 18.8267 1.5924 1777592003.0581815
5.6574 18.8274 1.5922 1777592004.2198925
5.6450 18.9593 1.6220 1777592004.22533
5.6450 18.9599 1.6219 1777592005.3633308
5.6449 18.9535 1.6207 1777592005.373342
5.6449 18.9543 1.6206 1777592006.5713303
5.6450 18.9556 1.6198 1777592006.589341
5.6450 18.9563 1.6197 1777592007.7608259
5.6452 18.9575 1.6230 1777592007.7733452
5.6452 18.9582 1.6228 1777592008.9293888
5.6454 18.9564 1.6230 1777592008.9344628
5.6453 18.9571 1.6229 1777592010.0689516
5.6449 18.9551 1.6223 1777592010.0772254
5.6449 18.9560 1.6222 1777592011.2150013
5.6451 18.9540 1.6215 1777592011.2255206
5.6451 18.9547 1.6214 1777592012.3792262
5.6450 18.9515 1.6234 1777592012.3854027
5.6450 18.9515 1.6234 1777592013.5657506
5.6454 18.9505 1.6255 1777592013.5733285
5.6454 18.9514 1.6252 1777592014.8488362
5.6376 19.0296 1.6246 1777592014.856713
5.6376 19.0305 1.6246 1777592015.9981458
5.6090 19.8214 1.5640 1777592016.0239878
5.6090 19.8222 1.5640 1777592017.2543588
5.5694 20.8098 1.5742 1777592017.2612684
5.5694 20.8109 1.5742 1777592018.4245474
5.5546 21.7896 1.4648 1777592018.4413617
5.5546 21.7901 1.4651 1777592019.6248622
5.6234 22.4535 1.4876 1777592019.6333268
5.6234 22.4540 1.4879 1777592020.80343
5.6234 22.4540 1.4879 1777592020.8103688
5.6175 22.7683 1.5784 1777592020.8170307
5.6175 22.7688 1.5787 1777592021.972475
5.6322 22.8135 1.5787 1777592021.9764187
5.6186 23.0241 1.6382 1777592021.9831376
5.6186 23.0247 1.6381 1777592023.1432106
5.6583 22.9453 1.6381 1777592023.1478243
5.6580 22.9489 1.6419 1777592023.177371
5.6579 22.9497 1.6418 1777592024.3603396
5.6936 23.0900 1.6418 1777592024.3817697
5.6725 23.2336 1.6496 1777592024.4132023
5.6725 23.2339 1.6493 1777592025.6362007
5.6659 23.2229 1.6493 1777592025.6417449
5.6657 23.2217 1.6518 1777592025.6535199
5.6656 23.2219 1.6515 1777592026.8380384
5.5677 23.5372 1.6516 1777592026.8535926
5.5488 23.6652 1.5740 1777592026.8766053
5.5488 23.6656 1.5735 1777592028.0920272
5.5453 23.5830 1.5735 1777592028.105313
5.5347 23.7873 1.4097 1777592028.1144986
5.5347 23.7874 1.4095 1777592029.3071268
5.4571 23.6671 1.4095 1777592029.314266
5.4814 23.9253 1.2038 1777592029.3228848
5.4815 23.9256 1.2035 1777592030.4738512
5.3452 23.7806 1.2035 1777592030.4892604
5.4250 24.0265 0.9893 1777592030.5302873
5.4251 24.0267 0.9890 1777592031.86413
5.6460 24.2973 0.7640 1777592031.8942852
5.6459 24.2971 0.7639 1777592033.0441432
5.5925 24.2044 0.6095 1777592033.0492828
5.5925 24.2044 0.6095 1777592034.187302
5.1543 23.8686 0.5932 1777592034.2089014
5.1546 23.8688 0.5928 1777592035.3880985
5.2526 23.9342 0.5315 1777592035.3977578
5.2528 23.9344 0.5313 1777592036.554321
5.3110 23.9651 0.4872 1777592036.5856938
5.3113 23.9652 0.4868 1777592037.728498
5.5355 24.0674 0.3249 1777592037.749422
5.5362 24.0677 0.3249 1777592038.9451425
6.0476 24.1452 -0.0414 1777592038.9513855
6.0482 24.1452 -0.0419 1777592040.1505768
6.9185 23.9996 -0.2496 1777592040.1693413
6.9192 23.9994 -0.2497 1777592041.353933
8.0146 23.6741 -0.3799 1777592041.359157
8.0150 23.6739 -0.3800 1777592042.4951525
8.7859 23.4541 -0.2533 1777592042.5098484
8.7874 23.4537 -0.2534 1777592043.6796653
9.7801 23.3144 -0.1146 1777592043.6899033
9.7808 23.3143 -0.1151 1777592044.8897748
10.7434 23.2948 0.0146 1777592044.8972974
10.7444 23.2948 0.0145 1777592046.0936391
11.6307 23.3504 -0.0003 1777592046.1141717
11.6312 23.3504 -0.0007 1777592047.3477197
12.4587 23.4394 0.1186 1777592047.3538973
12.4598 23.4395 0.1185 1777592048.5166383
12.9802 23.5033 0.0331 1777592048.5428748
12.9810 23.5034 0.0331 1777592049.7466376
13.5912 23.5271 -0.0199 1777592049.7936132
13.5919 23.5271 -0.0199 1777592051.0232842
14.4832 23.5584 0.0168 1777592051.0290837
14.4838 23.5584 0.0163 1777592052.1640546
15.2139 23.5819 -0.0463 1777592052.1773522
15.2144 23.5819 -0.0467 1777592053.3091705
15.3593 23.5803 -0.0435 1777592053.3214042
15.3601 23.5802 -0.0442 1777592054.5062137
15.3603 23.5804 -0.0445 1777592054.5253584
15.3612 23.5803 -0.0445 1777592055.6930158
15.3692 23.5800 -0.0363 1777592055.7375064
15.3701 23.5799 -0.0363 1777592056.9316132
15.7773 23.5867 -0.0093 1777592056.9495025
15.7779 23.5867 -0.0093 1777592058.2287498
16.1871 23.5983 -0.0218 1777592058.2336864
16.1877 23.5983 -0.0220 1777592059.400796
17.3298 23.6265 0.0049 1777592059.40676
17.3308 23.6265 0.0049 1777592060.5498106
18.2862 23.7046 -0.0305 1777592060.567661
18.2869 23.7046 -0.0305 1777592061.7305477
18.7274 23.7025 -0.0247 1777592061.7495124
18.7274 23.7025 -0.0247 1777592062.8984184
18.7253 23.7030 -0.0251 1777592062.9034722
18.7259 23.7030 -0.0251 1777592064.0692613
18.7221 23.7029 -0.0266 1777592064.0740833
18.7229 23.7029 -0.0267 1777592065.2869694
18.7208 23.7017 -0.0271 1777592065.2923038
18.7214 23.7017 -0.0271 1777592066.454785
18.7254 23.7030 -0.0263 1777592066.4816737
18.7266 23.7030 -0.0264 1777592067.6449847
18.7244 23.7013 -0.0293 1777592067.6540866
18.7251 23.7013 -0.0293 1777592068.834369
18.7221 23.7005 -0.0304 1777592068.8413007
18.7233 23.7005 -0.0305 1777592069.9819028
18.7219 23.7004 -0.0308 1777592070.0012999
18.7225 23.7004 -0.0309 1777592071.174165
18.7239 23.7007 -0.0312 1777592071.1814837
18.7252 23.7006 -0.0313 1777592072.3169258
18.7246 23.6994 -0.0297 1777592072.3492815
18.7255 23.6993 -0.0297 1777592073.5660443
18.7203 23.6995 -0.0345 1777592073.593279
18.7211 23.6994 -0.0345 1777592074.765317
18.7192 23.6989 -0.0368 1777592074.7717304
18.7200 23.6988 -0.0368 1777592075.940021
18.7230 23.6995 -0.0345 1777592075.9494743
18.7239 23.6995 -0.0346 1777592077.1572692
18.7260 23.6992 -0.0341 1777592077.1732516
18.7267 23.6992 -0.0342 1777592078.4158406
18.7253 23.6987 -0.0361 1777592078.445349
18.7260 23.6987 -0.0361 1777592079.5994465
18.7266 23.6987 -0.0391 1777592079.6094074
18.7274 23.6987 -0.0391 1777592080.854851
18.7271 23.6983 -0.0374 1777592080.8607254
18.7281 23.6983 -0.0374 1777592082.0060034
18.7272 23.6981 -0.0376 1777592082.013261
18.7280 23.6980 -0.0376 1777592083.1495547
18.7262 23.6986 -0.0388 1777592083.1702378
18.7270 23.6985 -0.0388 1777592084.4266806
18.7266 23.6989 -0.0362 1777592084.4490206
18.7271 23.6989 -0.0362 1777592085.6177847
18.7265 23.6989 -0.0352 1777592085.6301353
18.7274 23.6989 -0.0359 1777592086.8549953
18.8996 23.7042 -0.0123 1777592086.8733058
18.9006 23.7042 -0.0124 1777592088.0286448
19.5624 23.6844 -0.1064 1777592088.0496137
19.5636 23.6843 -0.1065 1777592089.2250736
20.3446 23.6595 -0.0493 1777592089.244502
20.3452 23.6595 -0.0496 1777592090.4308317
21.1226 23.6699 -0.0388 1777592090.4820585
21.1236 23.6699 -0.0388 1777592091.7568645
21.8723 23.6393 -0.1417 1777592091.774955
21.8733 23.6392 -0.1417 1777592092.9466984
22.9292 23.5288 -0.1016 1777592092.9520304
22.9300 23.5287 -0.1020 1777592094.1530445
23.7934 23.5104 -0.0300 1777592094.1651907
23.7942 23.5104 -0.0301 1777592095.3455708
24.4864 23.5322 -0.0194 1777592095.3512676
24.4872 23.5322 -0.0197 1777592096.5853937
25.3134 23.5133 -0.0370 1777592096.6252832
25.3139 23.5133 -0.0374 1777592097.8180742
26.2065 23.5499 0.0307 1777592097.8253775
26.2076 23.5499 0.0305 1777592099.0418413
26.8773 23.5411 -0.1442 1777592099.0652337
26.8783 23.5410 -0.1444 1777592100.3546329
28.1095 23.4116 -0.1052 1777592100.3609107
28.1101 23.4115 -0.1054 1777592101.5372324
28.8911 23.3766 -0.0364 1777592101.5429363
28.8922 23.3766 -0.0366 1777592102.7202134
29.3570 23.3770 -0.0478 1777592102.744627
29.3579 23.3769 -0.0478 1777592103.9002504
30.0382 23.3569 -0.0893 1777592103.9254143
30.0389 23.3569 -0.0894 1777592105.1790378
30.8027 23.3253 -0.0486 1777592105.1846063
30.8037 23.3253 -0.0486 1777592106.3705957
31.5255 23.3335 0.0099 1777592106.3766618
31.5262 23.3336 0.0099 1777592107.5422876
32.1404 23.3794 0.0540 1777592107.5533407
32.1410 23.3794 0.0540 1777592108.7749183
32.9231 23.4939 0.1571 1777592108.7999992
32.9240 23.4940 0.1570 1777592110.0110319
33.5115 23.6369 0.1990 1777592110.041263
33.5122 23.6370 0.1986 1777592111.298923
34.1150 23.7844 0.1908 1777592111.309646
34.1160 23.7846 0.1908 1777592112.46763
34.5339 23.8709 0.1550 1777592112.4867766
34.5345 23.8710 0.1550 1777592113.720976
34.9200 23.9540 0.1688 1777592113.7393095
34.9207 23.9541 0.1688 1777592114.9359713
34.9207 23.9541 0.1688 1777592114.9576776
35.3799 24.0513 0.1656 1777592114.9672713
35.3816 24.0516 0.1656 1777592116.1714654
35.3680 24.0525 0.1656 1777592116.179805
35.5371 24.0899 0.1709 1777592116.1987913
35.5379 24.0900 0.1705 1777592117.4231732
35.4611 24.0678 0.1705 1777592117.4414442
35.4614 24.0677 0.1686 1777592117.461444
35.4617 24.0677 0.1682 1777592118.6687427
35.4616 24.0698 0.1682 1777592118.6730878
35.5213 24.0882 0.1400 1777592118.6940758
35.5217 24.0882 0.1396 1777592119.8324444
35.4960 24.1156 0.1396 1777592119.8370261
35.6284 24.1428 0.0562 1777592119.8448038
35.6289 24.1429 0.0557 1777592121.0252724
35.5376 24.2502 0.0557 1777592121.033399
35.8223 24.2723 -0.1150 1777592121.0583293
35.8228 24.2723 -0.1155 1777592122.3937035
35.6863 24.5041 -0.1154 1777592122.3985558
36.1939 24.4073 -0.4867 1777592122.4085212
36.1945 24.4069 -0.4874 1777592123.5971475
36.0568 24.9559 -0.4872 1777592123.6066213
36.4427 24.7154 -0.8294 1777592123.6174512
36.4431 24.7150 -0.8299 1777592124.8035164
36.6293 25.2666 -0.8296 1777592124.8084683
36.8423 25.0208 -1.0604 1777592124.8222735
36.8426 25.0203 -1.0607 1777592126.013758
37.1286 25.3407 -1.0605 1777592126.020006
37.3045 24.9986 -1.3214 1777592126.037254
37.3048 24.9976 -1.3217 1777592127.1744967
37.6285 25.3153 -1.3215 1777592127.1991498
37.7484 24.7954 -1.4847 1777592127.209979
37.7484 24.7947 -1.4848 1777592128.3534415
37.7846 24.3054 -1.5344 1777592128.3587947
37.7846 24.3045 -1.5344 1777592129.5014765
37.8160 23.7467 -1.5488 1777592129.5062602
37.8161 23.7459 -1.5488 1777592130.636706
37.8511 23.1721 -1.5547 1777592130.6421685
37.8512 23.1715 -1.5548 1777592131.819162
37.8820 22.6521 -1.5407 1777592131.82387
37.8820 22.6512 -1.5407 1777592133.0017664
37.8998 22.3797 -1.5447 1777592133.0079098
37.8998 22.3789 -1.5448 1777592134.1670902
37.9231 21.9864 -1.5489 1777592134.172983
37.9232 21.9855 -1.5489 1777592135.3477962
37.9458 21.5457 -1.5670 1777592135.356825
37.9458 21.5449 -1.5671 1777592136.5376313
37.9602 21.1700 -1.5709 1777592136.5502477
37.9602 21.1693 -1.5709 1777592137.6843069
37.9684 20.7809 -1.5792 1777592137.693441
37.9683 20.7801 -1.5792 1777592138.8576894
37.9789 20.5211 -1.5564 1777592138.8762345
37.9789 20.5211 -1.5564 1777592140.04597
37.9919 20.3624 -1.5476 1777592140.051357
