16.0000 1.5000 -3.1416 1777589256.0099738
16.0000 1.5000 -3.1416 1777589257.1294577
16.0000 1.5000 -3.1416 1777589258.176873
16.0000 1.5000 -3.1416 1777589259.2235975
16.0000 1.5000 -3.1416 1777589260.2932024
16.0000 1.5000 -3.1416 1777589261.4659011
16.0000 1.5000 -3.1416 1777589262.5142298
16.0000 1.5000 -3.1416 1777589263.585299
16.0000 1.5000 -3.1416 1777589264.6364343
16.0000 1.5000 -3.1416 1777589265.6922977
16.0000 1.5000 -3.1416 1777589266.754567
16.0000 1.5000 -3.1416 1777589267.8326638
16.0000 1.5000 -3.1416 1777589268.930459
16.0000 1.5000 -3.1416 1777589269.977181
16.0000 1.5000 -3.1416 1777589271.0321078
16.0000 1.5000 -3.1416 1777589272.0799637
16.0000 1.5000 -3.1416 1777589273.1690626
16.0000 1.5000 -3.1416 1777589274.2744474
16.0000 1.5000 -3.1416 1777589275.3195927
16.0000 1.5000 -3.1416 1777589276.363332
16.0000 1.5000 -3.1416 1777589277.4088304
16.0000 1.5000 -3.1416 1777589278.4659715
16.0000 1.5000 -3.1416 1777589279.507392
16.0000 1.5000 -3.1416 1777589280.5491943
16.0000 1.5000 -3.1416 1777589281.589398
16.0000 1.5000 -3.1416 1777589282.6485236
16.0000 1.5000 -3.1416 1777589283.6902528
16.0000 1.5000 -3.1416 1777589284.730613
16.0000 1.5000 -3.1416 1777589285.8151293
16.0000 1.5000 -3.1416 1777589286.8696673
16.0000 1.5000 -3.1416 1777589287.922267
16.0000 1.5000 -3.1416 1777589288.9863904
16.0000 1.5000 -3.1416 1777589290.0625558
16.0000 1.5000 -3.1416 1777589291.1081548
16.0000 1.5000 -3.1416 1777589292.157638
16.0000 1.5000 -3.1416 1777589293.2703936
16.0000 1.5000 -3.1416 1777589294.322479
16.0000 1.5000 -3.1416 1777589295.3669612
16.0000 1.5000 -3.1416 1777589296.4142284
16.0000 1.5000 -3.1416 1777589297.463854
16.0000 1.5000 -3.1416 1777589298.5191212
16.0000 1.5000 -3.1416 1777589299.5840209
16.0000 1.5000 -3.1416 1777589300.662475
16.0000 1.5000 -3.1416 1777589301.7264464
16.0000 1.5000 -3.1416 1777589302.772918
16.0000 1.5000 -3.1416 1777589303.828129
16.0000 1.5000 -3.1416 1777589304.8786075
16.0000 1.5000 -3.1416 1777589305.9224637
16.0000 1.5000 -3.1416 1777589306.9688938
16.0000 1.5000 -3.1416 1777589308.0244436
16.0000 1.5000 -3.1416 1777589309.0758693
16.0000 1.5000 -3.1416 1777589310.1270685
16.0000 1.5000 -3.1416 1777589311.1785529
16.0000 1.5000 -3.1416 1777589312.2281191
16.0000 1.5000 -3.1416 1777589313.2719617
16.0000 1.5000 -3.1416 1777589314.3186326
16.0000 1.5000 -3.1416 1777589315.3755047
16.0000 1.5000 -3.1416 1777589316.416967
16.0000 1.5000 -3.1416 1777589317.4604824
16.0000 1.5000 -3.1416 1777589318.5065243
16.0000 1.5000 -3.1416 1777589319.5598803
16.0000 1.5000 -3.1416 1777589320.6133082
16.0000 1.5000 -3.1416 1777589321.668216
16.0000 1.5000 -3.1416 1777589322.7248878
16.0000 1.5000 -3.1416 1777589323.8613415
16.0000 1.5000 -3.1416 1777589325.130315
