16.0000 1.5000 -3.1416 1777595030.2076929
16.0003 1.5003 -3.1416 1777595031.3463202
16.0002 1.5001 3.1408 1777595032.4394977
16.0000 1.5000 3.1407 1777595033.4979665
16.0003 1.4999 3.1403 1777595034.6252115
16.0003 1.4999 3.1404 1777595035.7206292
16.0004 1.5000 3.1407 1777595036.7733107
16.0002 1.5000 3.1406 1777595037.873278
16.0009 1.5000 3.1404 1777595038.9582107
16.0002 1.5000 3.1403 1777595040.1278374
15.9991 1.5000 3.1405 1777595041.225318
15.9990 1.4999 3.1406 1777595042.3430448
15.9990 1.4999 3.1406 1777595043.4336238
15.9990 1.4999 3.1406 1777595044.5226629
15.9987 1.4994 3.1406 1777595044.5422318
15.9983 1.4994 3.1406 1777595045.6597528
15.9094 1.4941 -3.1369 1777595045.6650774
15.9091 1.4941 -3.1369 1777595046.8096411
15.0839 1.4334 -3.1187 1777595046.821198
15.0836 1.4334 -3.1187 1777595047.9458194
14.0664 1.3507 -3.0840 1777595047.96014
14.0662 1.3506 -3.0839 1777595049.0578465
13.2240 1.2218 -3.0856 1777595049.0637865
13.2237 1.2218 -3.0856 1777595050.1442533
14.6426 1.1664 3.1081 1777595050.1512046
14.6432 1.1663 3.1082 1777595051.2303896
14.6691 1.1623 -3.0886 1777595051.2413716
14.6697 1.1623 -3.0886 1777595052.363372
14.6661 1.1627 -3.0945 1777595052.3696175
14.6659 1.1627 -3.0944 1777595053.4486349
14.6657 1.1643 -3.1007 1777595053.4565253
14.6657 1.1643 -3.1007 1777595054.5357513
14.6596 1.1647 -3.0986 1777595054.5496256
14.6602 1.1648 -3.0986 1777595055.6296806
14.6620 1.1647 -3.0996 1777595055.6383464
14.6625 1.1647 -3.0996 1777595056.7641978
14.6663 1.1643 -3.0984 1777595056.770668
14.6668 1.1643 -3.0983 1777595057.8462973
14.6647 1.1635 -3.0996 1777595057.8531642
14.6653 1.1635 -3.0995 1777595058.8976438
14.6665 1.1605 -3.0976 1777595058.9057791
