16.0000 1.5000 -3.1416 1777591806.786887
15.9998 1.4999 -3.1405 1777591807.9194145
16.0022 1.5000 -3.1408 1777591809.035371
16.0020 1.4999 -3.1403 1777591810.0955858
16.0019 1.4998 -3.1404 1777591811.14936
16.0018 1.4997 -3.1399 1777591812.2251968
16.0018 1.4998 -3.1396 1777591813.2813768
16.0022 1.4997 -3.1394 1777591814.3293195
16.0036 1.4998 -3.1397 1777591815.3920076
16.0054 1.4998 -3.1400 1777591816.487193
16.0060 1.4998 -3.1403 1777591817.5372574
16.0065 1.4998 -3.1405 1777591818.6201615
16.0067 1.4998 -3.1403 1777591819.6884825
16.0069 1.4998 -3.1402 1777591820.7373655
16.0070 1.5000 -3.1402 1777591821.8975058
16.0054 1.5000 -3.1400 1777591823.041359
16.0048 1.5001 -3.1397 1777591824.155179
16.0053 1.5001 -3.1396 1777591825.2253096
16.0051 1.5001 -3.1396 1777591826.2750213
16.0052 1.5001 -3.1397 1777591827.3225598
16.0055 1.5001 -3.1398 1777591828.3786824
16.0054 1.5001 -3.1397 1777591829.4333339
16.0054 1.5001 -3.1397 1777591830.53616
16.0026 1.5000 3.1416 1777591830.545309
16.0008 1.5000 3.1415 1777591831.6613371
16.0006 1.4998 -3.1401 1777591831.6707327
16.0002 1.4998 -3.1401 1777591832.730596
15.9990 1.5004 -3.1389 1777591832.7435155
15.9982 1.5004 -3.1389 1777591833.8317149
15.9928 1.5007 -3.1369 1777591833.8492687
15.9921 1.5007 -3.1369 1777591834.9536536
15.9891 1.5003 -3.1345 1777591834.971283
15.9882 1.5003 -3.1345 1777591836.077347
15.9836 1.5016 -3.1350 1777591836.0830638
15.9836 1.5016 -3.1350 1777591837.1402583
15.9880 1.5010 -3.1338 1777591837.1611955
15.9873 1.5010 -3.1339 1777591838.2082705
15.9882 1.5006 -3.1361 1777591838.213165
15.9874 1.5005 -3.1362 1777591839.2587242
15.9872 1.5005 -3.1370 1777591839.2774577
15.9863 1.5005 -3.1372 1777591840.354489
15.9823 1.5010 -3.1347 1777591840.3597918
15.9817 1.5010 -3.1348 1777591841.401086
15.9771 1.5006 -3.1347 1777591841.4065945
15.9763 1.5006 -3.1348 1777591842.4491982
15.9750 1.5005 -3.1363 1777591842.4545941
15.9743 1.5005 -3.1364 1777591843.5497718
15.9734 1.5010 -3.1355 1777591843.5548728
15.9723 1.5010 -3.1356 1777591844.603195
15.9738 1.5005 -3.1353 1777591844.6098275
15.9731 1.5005 -3.1354 1777591845.6633909
15.9664 1.5020 -3.1313 1777591845.6773078
15.9655 1.5019 -3.1314 1777591846.7498627
15.9568 1.5020 -3.1291 1777591846.7552774
15.9502 1.5026 -3.1275 1777591847.7962444
15.9461 1.5024 -3.1274 1777591848.8502378
15.9471 1.5025 -3.1282 1777591849.8964398
15.9474 1.5026 -3.1277 1777591850.973254
15.9472 1.5026 -3.1277 1777591852.1030757
15.9483 1.5026 -3.1280 1777591853.2270486
15.9485 1.5027 -3.1280 1777591854.4463987
15.9487 1.5026 -3.1281 1777591855.6065867
15.9488 1.5026 -3.1284 1777591856.6801803
15.9492 1.5025 -3.1286 1777591857.7503107
15.9488 1.5026 -3.1287 1777591858.8679903
15.9483 1.5025 -3.1287 1777591859.995787
15.9484 1.5025 -3.1287 1777591861.0757775
15.9483 1.5025 -3.1285 1777591862.141699
15.9479 1.5025 -3.1284 1777591863.2093337
15.9481 1.5025 -3.1283 1777591864.257304
15.9480 1.5025 -3.1282 1777591865.321846
15.9479 1.5026 -3.1281 1777591866.429518
15.9479 1.5025 -3.1282 1777591867.6207757
15.9480 1.5026 -3.1281 1777591868.6692586
15.9483 1.5025 -3.1282 1777591869.7397661
15.9483 1.5025 -3.1282 1777591870.7934592
15.9485 1.5025 -3.1282 1777591871.8638566
15.9484 1.5025 -3.1282 1777591872.9489903
15.9485 1.5025 -3.1282 1777591874.0229115
15.9484 1.5025 -3.1281 1777591875.1072893
15.9483 1.5026 -3.1280 1777591876.1582294
15.9482 1.5026 -3.1280 1777591877.2145193
15.9482 1.5026 -3.1279 1777591878.3561802
15.9484 1.5026 -3.1279 1777591879.499725
15.9484 1.5026 -3.1280 1777591880.589381
15.9488 1.5026 -3.1279 1777591881.6596196
15.9489 1.5026 -3.1281 1777591882.7065494
15.9489 1.5026 -3.1280 1777591883.7738795
15.9490 1.5025 -3.1279 1777591884.8692465
15.9490 1.5026 -3.1278 1777591885.9243152
15.9489 1.5025 -3.1276 1777591886.9730194
15.9485 1.5026 -3.1278 1777591888.0292962
15.9482 1.5026 -3.1277 1777591889.0735211
15.9480 1.5026 -3.1276 1777591890.119824
15.9478 1.5026 -3.1275 1777591891.165257
15.9476 1.5026 -3.1275 1777591892.208807
