16.0000 1.5000 -3.1416 1777595900.3877835
15.9999 1.5001 -3.1400 1777595901.7408957
16.0012 1.4998 3.1410 1777595902.8717096
16.0013 1.5000 3.1409 1777595904.0000992
16.0018 1.5000 3.1406 1777595905.0925756
16.0019 1.4999 3.1401 1777595906.1913514
16.0029 1.5000 3.1405 1777595907.3843758
16.0023 1.5002 3.1408 1777595908.5275128
16.0023 1.5002 3.1408 1777595909.6179745
15.9896 1.5038 -3.1397 1777595909.6242747
15.9894 1.5038 -3.1397 1777595910.728127
15.9192 1.5007 -3.1268 1777595910.7376494
15.9188 1.5007 -3.1268 1777595911.845621
15.5787 1.4778 -3.1021 1777595911.8603055
15.5785 1.4778 -3.1021 1777595912.9652908
15.0729 1.4243 -3.0539 1777595912.9722412
15.0726 1.4242 -3.0539 1777595914.0649457
14.6286 1.3626 -3.0274 1777595914.0708086
14.6283 1.3625 -3.0273 1777595915.1644652
14.0991 1.2342 -2.9016 1777595915.1731055
14.0988 1.2341 -2.9016 1777595916.292189
13.5064 1.0095 -2.7451 1777595916.3002763
13.5061 1.0095 -2.7450 1777595917.4146395
13.4612 0.9721 -2.6672 1777595917.421054
13.4608 0.9719 -2.6670 1777595918.5181618
13.4873 0.9713 -2.6626 1777595918.5246487
13.4871 0.9712 -2.6626 1777595919.6224906
13.6494 1.0173 -2.6697 1777595919.6287942
13.6492 1.0172 -2.6696 1777595920.7204072
13.7728 1.1325 -2.7413 1777595920.7284753
13.7726 1.1324 -2.7412 1777595921.8238173
14.0310 1.2732 -2.7601 1777595921.8297381
14.0310 1.2732 -2.7601 1777595922.9309514
14.1376 1.3247 -2.7895 1777595922.9368892
14.1378 1.3248 -2.7895 1777595924.032717
14.1297 1.3243 -2.7917 1777595924.039054
14.1298 1.3243 -2.7917 1777595925.1437488
14.1286 1.3237 -2.7903 1777595925.1522784
14.1287 1.3238 -2.7903 1777595926.261185
14.1295 1.3236 -2.7859 1777595926.268291
14.1295 1.3236 -2.7859 1777595927.3596396
14.1268 1.3236 -2.7894 1777595927.3741355
14.1268 1.3236 -2.7894 1777595928.5087435
14.1257 1.3243 -2.7861 1777595928.5153012
14.1257 1.3243 -2.7861 1777595929.6176732
14.1283 1.3248 -2.7852 1777595929.6362448
14.1283 1.3248 -2.7852 1777595930.7305932
14.1337 1.3246 -2.7853 1777595930.7402887
14.1337 1.3246 -2.7853 1777595931.8873055
14.1733 1.3605 -2.9156 1777595931.8973908
14.1733 1.3605 -2.9156 1777595933.0292158
14.1542 1.4465 -3.1166 1777595933.03555
14.1542 1.4465 -3.1166 1777595934.136654
14.1364 1.4454 -3.1207 1777595934.1435351
14.1364 1.4454 -3.1207 1777595935.2400923
14.1382 1.4455 -3.1189 1777595935.2462835
14.1382 1.4455 -3.1189 1777595936.340045
14.1499 1.4456 -3.1189 1777595936.3461785
14.1500 1.4456 -3.1189 1777595937.4372082
13.8127 1.4140 -3.0082 1777595937.4431577
13.8127 1.4140 -3.0082 1777595938.5371735
13.8504 1.4151 -3.0348 1777595938.5428076
13.8504 1.4151 -3.0348 1777595939.640491
14.0016 1.4360 -3.1135 1777595939.6524894
14.0016 1.4360 -3.1135 1777595940.7519028
14.1653 1.4443 3.1301 1777595940.758894
14.1655 1.4443 3.1301 1777595941.853659
14.1698 1.4443 3.1342 1777595941.8594584
14.1700 1.4443 3.1342 1777595942.9534771
14.1709 1.4442 3.1320 1777595942.9604757
14.1711 1.4442 3.1320 1777595944.061293
14.1714 1.4444 3.1338 1777595944.0687783
14.1714 1.4444 3.1338 1777595945.1702473
14.1764 1.4447 3.1349 1777595945.1749842
14.1764 1.4447 3.1349 1777595946.2724807
14.1723 1.4446 3.1356 1777595946.280054
14.1723 1.4446 3.1356 1777595947.3713775
14.1689 1.4442 3.1336 1777595947.3780174
14.1689 1.4442 3.1336 1777595948.477448
14.1681 1.4445 3.1343 1777595948.4829562
14.1681 1.4445 3.1343 1777595949.6066763
14.1695 1.4439 3.1325 1777595949.6115663
