16.0000 1.5000 -3.1416 1777576604.011243
16.0000 1.5000 -3.1416 1777576604.0158095
16.0000 1.5000 -3.1416 1777576605.2924979
16.0014 1.4995 3.1409 1777576605.3003416
16.0014 1.4995 3.1409 1777576606.4365153
16.0014 1.4994 -3.1409 1777576606.4413586
16.0014 1.4994 -3.1409 1777576607.5843766
16.0070 1.4999 3.1409 1777576607.5893443
16.0070 1.4999 3.1409 1777576608.6672451
16.0059 1.4994 3.1379 1777576608.6802893
16.0059 1.4994 3.1379 1777576609.8889906
16.0093 1.4990 3.1393 1777576609.8964665
16.0080 1.4990 3.1392 1777576611.0630045
15.9218 1.4920 -3.1366 1777576611.0723977
15.9212 1.4920 -3.1368 1777576612.3740976
15.1390 1.4610 -3.1264 1777576612.3818479
15.1382 1.4609 -3.1265 1777576613.5391572
14.2476 1.4176 3.1040 1777576613.5461311
14.2475 1.4176 3.1039 1777576614.7004604
13.1470 1.3901 3.1226 1777576614.7066393
13.1470 1.3901 3.1226 1777576615.8817768
12.2234 1.3212 -3.0701 1777576615.8889706
12.2234 1.3212 -3.0701 1777576617.0538
11.4802 1.2175 -3.0389 1777576617.0631242
11.4802 1.2175 -3.0389 1777576618.2186406
10.9710 1.1909 3.1398 1777576618.2250247
10.9710 1.1909 3.1398 1777576619.3923287
10.8035 1.1824 -3.1352 1777576619.3977454
10.8029 1.1824 -3.1352 1777576620.568112
10.8029 1.1824 -3.1352 1777576620.5759413
10.7490 1.1783 -3.1334 1777576620.5856643
10.7493 1.1783 -3.1334 1777576621.701313
10.7331 1.1803 -3.1334 1777576621.7057858
10.6189 1.1788 -3.1283 1777576621.7244465
10.6189 1.1788 -3.1283 1777576622.8480082
10.6701 1.1729 -3.1283 1777576622.8524673
11.0951 1.1192 3.0036 1777576622.8584383
11.0949 1.1192 3.0035 1777576623.944594
10.9964 1.0091 3.0036 1777576623.948988
10.8703 1.0113 2.9342 1777576623.9557853
10.8697 1.0114 2.9341 1777576625.0461235
11.0592 0.9369 2.9341 1777576625.0527117
10.6689 1.0273 2.7960 1777576625.0603397
10.6689 1.0273 2.7960 1777576626.1662917
11.0074 0.8193 2.7960 1777576626.1705778
10.8413 0.8803 2.7733 1777576626.1764872
10.8410 0.8804 2.7733 1777576627.2597935
11.0002 0.7780 2.7733 1777576627.2642252
10.2621 1.0755 2.9271 1777576627.2700887
10.2612 1.0757 2.9270 1777576628.3658166
10.7792 0.6400 2.9270 1777576628.3746908
10.1284 0.9787 3.0911 1777576628.3814347
10.1281 0.9787 3.0909 1777576629.5066288
10.6383 0.7905 3.0909 1777576629.5109174
10.0115 0.8920 -3.0329 1777576629.5168622
10.0114 0.8919 -3.0329 1777576630.6055825
10.5451 0.8450 -3.0329 1777576630.6108408
9.9961 0.8877 3.1134 1777576630.6222053
9.9954 0.8877 3.1133 1777576631.7125337
10.4331 0.8467 3.1132 1777576631.7169538
9.6126 1.0115 3.0124 1777576631.7256253
9.6122 1.0115 3.0124 1777576632.9465647
10.1151 0.6049 3.0124 1777576632.9518254
9.5481 0.9083 2.9648 1777576632.9635096
9.5481 0.9083 2.9648 1777576634.0681262
9.5481 0.9083 2.9648 1777576634.0748844
8.5697 1.0146 2.9900 1777576634.081651
8.5695 1.0146 2.9900 1777576635.2249706
8.1469 1.1328 2.9900 1777576635.2316294
7.3589 1.1305 -2.9504 1777576635.2379706
7.3595 1.1306 -2.9504 1777576636.3266814
6.9561 1.6748 -2.9505 1777576636.3327212
6.6439 1.6109 -3.0165 1777576636.352264
6.6420 1.6106 -3.0172 1777576637.4865289
6.6339 1.3801 -3.0171 1777576637.4922247
6.9215 1.4251 3.1303 1777576637.5166996
6.9213 1.4251 3.1301 1777576638.6955013
6.6558 1.3707 3.1301 1777576638.6995947
6.9448 1.3598 2.9547 1777576638.705823
6.9454 1.3597 2.9547 1777576639.8370166
7.5763 1.1556 2.9548 1777576639.8451197
7.1049 1.2176 2.6085 1777576639.8586237
7.1049 1.2176 2.6085 1777576641.008267
7.0180 1.2855 2.2851 1777576641.0158982
7.0179 1.2857 2.2848 1777576642.118758
6.8772 1.4414 2.1692 1777576642.123829
6.8771 1.4416 2.1691 1777576643.2090123
6.6622 2.1730 1.4083 1777576643.2142053
6.6623 2.1737 1.4083 1777576644.300581
6.9342 2.7787 0.9732 1777576644.3056133
6.9344 2.7790 0.9734 1777576645.4006138
7.3891 3.6058 1.0615 1777576645.405569
7.3892 3.6058 1.0615 1777576646.6123972
7.3356 4.8189 1.9966 1777576646.6174273
7.3356 4.8189 1.9966 1777576647.7503457
7.1029 5.6969 1.6470 1777576647.7682965
7.1029 5.6970 1.6470 1777576648.8603575
7.0608 6.0642 1.6092 1777576648.8802893
7.0607 6.0645 1.6092 1777576650.0144844
7.1579 6.6202 1.2161 1777576650.0298595
7.1579 6.6203 1.2161 1777576651.144852
7.4989 7.1839 1.1439 1777576651.1502414
7.4990 7.1841 1.1439 1777576652.2378628
7.5588 8.3484 1.8022 1777576652.2431743
7.5586 8.3492 1.8023 1777576653.3292854
7.4512 9.5421 1.4997 1777576653.3483908
7.4512 9.5422 1.4997 1777576654.4730573
7.4547 10.7888 1.6005 1777576654.4923046
7.4546 10.7894 1.6003 1777576655.6171854
7.3444 12.0517 1.6495 1777576655.6282086
7.3444 12.0522 1.6496 1777576656.7206066
7.3026 13.1313 1.4981 1777576656.7283063
7.3026 13.1314 1.4981 1777576657.888206
7.2648 14.3629 1.6397 1777576657.8939023
7.2647 14.3636 1.6397 1777576658.994287
7.1285 15.3559 1.6828 1777576659.012628
7.1285 15.3564 1.6828 1777576660.1343281
6.9871 16.3425 1.6646 1777576660.1446888
6.9871 16.3427 1.6646 1777576661.226134
6.9502 17.6652 1.4881 1777576661.2311838
6.9503 17.6659 1.4880 1777576662.3176408
6.9612 18.3494 1.5381 1777576662.3221846
6.9612 18.3497 1.5381 1777576663.4085739
7.0060 19.5636 1.5018 1777576663.4139082
7.0060 19.5642 1.5018 1777576664.518667
6.9613 20.7779 1.5564 1777576664.5239232
6.9613 20.7783 1.5564 1777576665.6262717
6.9216 21.8346 1.5671 1777576665.6313891
6.9216 21.8349 1.5671 1777576666.7191966
6.8161 22.6765 1.7249 1777576666.7265956
6.8161 22.6765 1.7249 1777576667.8623579
6.7941 23.2313 1.4615 1777576667.8672912
6.7941 23.2321 1.4615 1777576668.9632666
6.7968 23.4219 1.5004 1777576668.9698913
6.7968 23.4219 1.5004 1777576670.0555406
6.7937 23.9759 1.5431 1777576670.0765038
6.7937 23.9758 1.5431 1777576671.2102246
6.7744 24.3209 1.6487 1777576671.215691
6.7743 24.3212 1.6484 1777576672.4166696
6.7858 24.0492 1.5178 1777576672.424331
6.7859 24.0496 1.5174 1777576673.5579941
6.8010 24.0662 1.4303 1777576673.576247
6.8011 24.0665 1.4300 1777576674.676988
7.0139 24.7199 0.9466 1777576674.6820135
7.0139 24.7199 0.9466 1777576675.8190928
7.9457 25.1275 -0.1234 1777576675.8287914
7.9463 25.1274 -0.1233 1777576676.92086
9.3375 24.7322 -0.2922 1777576676.926299
9.3380 24.7321 -0.2922 1777576678.0156715
10.3913 24.6924 0.1399 1777576678.0209274
10.3921 24.6925 0.1396 1777576679.1367934
11.0987 24.8771 0.2427 1777576679.1562276
11.0990 24.8772 0.2427 1777576680.2691865
11.8373 25.0811 0.1466 1777576680.2962747
11.8380 25.0812 0.1466 1777576681.484402
12.4380 25.2037 0.1639 1777576681.490417
12.4380 25.2037 0.1639 1777576682.625474
13.7114 25.4664 0.1741 1777576682.6314416
13.7114 25.4664 0.1741 1777576683.7165928
14.1823 25.6071 0.2241 1777576683.7218812
14.1824 25.6072 0.2241 1777576684.8225856
14.8205 25.7824 0.2009 1777576684.827951
14.8212 25.7825 0.2009 1777576685.9907086
15.7333 25.9768 0.1642 1777576685.998404
15.7338 25.9769 0.1642 1777576687.1028452
16.6978 26.1905 0.1629 1777576687.1124976
16.6986 26.1907 0.1628 1777576688.249413
17.8960 26.2767 -0.0093 1777576688.2551825
17.8960 26.2767 -0.0093 1777576689.3750455
18.5984 26.3087 0.0087 1777576689.3800285
18.5987 26.3087 0.0087 1777576690.4939125
19.3759 26.3662 0.0512 1777576690.4985776
19.3759 26.3662 0.0512 1777576691.6500268
20.0677 26.4421 0.0634 1777576691.6601686
20.0683 26.4421 0.0627 1777576692.7800403
20.8464 26.5352 0.0825 1777576692.7919176
20.8471 26.5352 0.0825 1777576693.9265003
21.5601 26.5631 -0.1501 1777576693.931667
21.5606 26.5630 -0.1497 1777576695.0408301
22.6494 26.3099 -0.2461 1777576695.0482464
22.6501 26.3097 -0.2461 1777576696.143512
23.4856 26.3070 0.1306 1777576696.1523006
23.4860 26.3071 0.1306 1777576697.2790546
24.4113 26.4769 0.1399 1777576697.2966018
24.4115 26.4769 0.1399 1777576698.4205337
25.2762 26.6673 0.1767 1777576698.4257262
25.2762 26.6673 0.1767 1777576699.5227275
26.2984 26.7554 -0.0195 1777576699.5326426
26.2984 26.7554 -0.0195 1777576700.6494246
26.5022 26.7611 -0.0065 1777576700.6547866
26.5023 26.7611 -0.0065 1777576701.7500143
27.0056 26.7756 -0.0082 1777576701.7548902
27.0056 26.7756 -0.0082 1777576702.948973
27.7950 26.8089 0.0246 1777576702.9605184
27.7952 26.8089 0.0246 1777576704.0766594
28.7964 26.8701 0.0230 1777576704.0841715
28.7971 26.8701 0.0229 1777576705.1909857
29.6042 26.9496 0.0711 1777576705.2004256
29.6048 26.9497 0.0711 1777576706.3420672
30.3062 27.0365 0.0989 1777576706.3563185
30.3072 27.0366 0.0988 1777576707.4734213
31.0829 27.1043 0.0097 1777576707.4897366
31.0833 27.1043 0.0097 1777576708.5896258
31.7788 27.1308 -0.0119 1777576708.6003044
31.7788 27.1308 -0.0119 1777576709.7876139
32.9673 27.2048 0.0262 1777576709.792723
32.9674 27.2048 0.0262 1777576710.9061222
33.6039 27.2696 0.0702 1777576710.9121583
33.6039 27.2696 0.0702 1777576711.9968793
34.4642 27.3567 0.0833 1777576712.0162702
34.4642 27.3567 0.0833 1777576713.1093664
35.1172 27.4536 0.1516 1777576713.1240094
35.1172 27.4536 0.1516 1777576714.241962
35.0925 27.4493 0.1517 1777576714.2482448
35.0925 27.4493 0.1517 1777576715.4291317
35.0952 27.4502 0.1523 1777576715.4345062
35.0952 27.4502 0.1523 1777576716.5171638
35.0956 27.4498 0.1548 1777576716.5225039
35.0956 27.4498 0.1548 1777576717.606675
35.0974 27.4498 0.1492 1777576717.6121764
35.0974 27.4498 0.1492 1777576718.703947
35.1614 27.4621 0.1460 1777576718.7124078
35.1614 27.4621 0.1460 1777576719.8021526
35.1735 27.4640 0.1426 1777576719.812309
35.1735 27.4640 0.1426 1777576720.9276447
35.1684 27.4644 0.1382 1777576720.9329255
35.1684 27.4644 0.1382 1777576722.0199728
35.1669 27.4640 0.1403 1777576722.0308971
35.1669 27.4640 0.1403 1777576723.1502786
35.1667 27.4648 0.1426 1777576723.1557024
35.1667 27.4648 0.1426 1777576724.2582736
35.1599 27.4634 0.1449 1777576724.268373
35.1601 27.4635 0.1449 1777576725.3913875
35.1667 27.4649 0.1437 1777576725.400271
35.1671 27.4650 0.1437 1777576726.533208
35.5382 27.5318 0.1324 1777576726.547449
35.5388 27.5319 0.1323 1777576727.6705863
36.5713 27.7044 0.1279 1777576727.6802812
36.5713 27.7044 0.1279 1777576728.780533
37.0360 27.7883 0.1233 1777576728.786292
37.0364 27.7883 0.1229 1777576729.8824575
37.1569 27.8080 0.1351 1777576729.904189
37.1571 27.8080 0.1348 1777576730.9968424
37.4667 27.8272 -0.0915 1777576731.0042577
37.4670 27.8272 -0.0917 1777576732.0920668
38.1987 27.4930 -0.8481 1777576732.0989282
38.1991 27.4925 -0.8482 1777576733.177552
38.4286 26.4271 -1.6484 1777576733.1841795
38.4285 26.4268 -1.6485 1777576734.276154
38.3855 25.0549 -1.5130 1777576734.2825336
38.3855 25.0547 -1.5130 1777576735.3834503
38.7649 24.0270 -1.1168 1777576735.3902056
38.7651 24.0267 -1.1168 1777576736.4871957
39.0001 22.9502 -1.6800 1777576736.5006728
39.0000 22.9494 -1.6799 1777576737.6739619
39.1259 21.8802 -1.2879 1777576737.6843398
39.1261 21.8794 -1.2880 1777576738.835432
39.4927 20.8511 -1.3758 1777576738.8404348
39.4927 20.8511 -1.3758 1777576739.924105
39.6578 19.9307 -1.4870 1777576739.9322197
39.6578 19.9307 -1.4870 1777576741.028959
39.6737 19.7688 -1.5022 1777576741.0446541
39.6737 19.7687 -1.5022 1777576742.138417
39.6738 19.7675 -1.5011 1777576742.144336
39.6738 19.7675 -1.5011 1777576743.2277627
39.6754 19.7604 -1.4957 1777576743.2402668
39.6754 19.7604 -1.4957 1777576744.3459144
39.6490 19.7821 -1.4994 1777576744.3514814
39.6490 19.7821 -1.4994 1777576745.4419687
39.6480 19.7628 -1.4952 1777576745.447216
39.6480 19.7617 -1.4953 1777576746.5491903
39.6652 19.7190 -1.4920 1777576746.555445
39.6653 19.7186 -1.4921 1777576747.6419153
39.7625 18.7123 -1.4727 1777576747.6469688
39.7625 18.7119 -1.4727 1777576748.7453296
39.9512 17.7206 -1.4053 1777576748.7509146
39.9513 17.7198 -1.4053 1777576749.846689
40.1381 16.9246 -1.4220 1777576749.8684182
40.1381 16.9246 -1.4220 1777576751.0111582
40.3065 16.0299 -1.4757 1777576751.0306954
40.3066 16.0293 -1.4758 1777576752.2199812
40.4864 14.5924 -1.4485 1777576752.23263
40.4865 14.5916 -1.4486 1777576753.3287618
40.6773 13.4336 -1.4641 1777576753.3340406
40.6773 13.4336 -1.4641 1777576754.4234338
40.8245 12.4681 -1.4607 1777576754.4485254
40.8245 12.4674 -1.4608 1777576755.5673032
40.9420 11.7987 -1.4221 1777576755.5964153
40.9422 11.7978 -1.4221 1777576756.734559
41.1673 10.3893 -1.4141 1777576756.760287
41.1673 10.3887 -1.4141 1777576757.9636085
41.4757 8.9259 -1.5547 1777576757.9697325
41.4757 8.9251 -1.5547 1777576759.156342
41.4782 7.7929 -1.5868 1777576759.162375
41.4782 7.7927 -1.5868 1777576760.3391802
41.5262 6.7265 -1.5575 1777576760.344557
41.5262 6.7265 -1.5575 1777576761.519267
41.5262 6.7265 -1.5575 1777576761.526815
41.5466 5.5464 -1.7387 1777576761.535079
41.5466 5.5462 -1.7390 1777576762.756386
41.5296 5.4561 -1.7390 1777576762.7840393
41.3763 4.7536 -1.9125 1777576762.7926412
41.3762 4.7535 -1.9127 1777576763.9528673
41.4982 4.9651 -1.9127 1777576763.9575975
41.4048 4.6759 -2.0655 1777576763.9657748
41.4047 4.6757 -2.0659 1777576765.1484597
41.4081 4.4732 -2.0658 1777576765.1538439
41.1863 4.0973 -2.4595 1777576765.1622856
41.1854 4.0966 -2.4598 1777576766.4435823
41.3822 4.0767 -2.4598 1777576766.449318
40.9332 3.7636 -2.9970 1777576766.480499
40.9329 3.7636 -2.9970 1777576767.589555
41.2252 3.6386 -2.9969 1777576767.5936608
40.6773 3.5651 3.0268 1777576767.6170142
40.6766 3.5652 3.0267 1777576768.7028432
40.9914 3.4283 3.0267 1777576768.7070754
39.5864 3.7075 2.9090 1777576768.714103
39.5857 3.7076 2.9088 1777576769.805544
38.9667 3.0602 2.9087 1777576769.8104174
38.0420 2.8238 -2.9103 1777576769.8283265
38.0420 2.8238 -2.9103 1777576770.9564507
37.0709 2.5730 -3.0230 1777576770.9824214
37.0703 2.5730 -3.0230 1777576772.193746
35.8219 2.4392 -3.0683 1777576772.198807
35.8217 2.4392 -3.0683 1777576773.3250008
34.8753 2.3362 -3.0633 1777576773.3403428
34.8746 2.3362 -3.0633 1777576774.5119889
34.0747 2.1382 -2.8302 1777576774.517841
34.0744 2.1381 -2.8304 1777576775.6055772
33.2012 1.7843 -2.8251 1777576775.610643
33.2007 1.7841 -2.8251 1777576776.7154899
32.4155 1.5465 -2.9879 1777576776.720331
32.4149 1.5464 -2.9879 1777576777.8133755
32.0200 1.4701 -3.0035 1777576777.8179932
32.0193 1.4700 -3.0035 1777576778.9322307
31.3345 1.3317 -2.9655 1777576778.937031
31.3343 1.3317 -2.9655 1777576780.043071
30.2466 1.0941 -2.9646 1777576780.0579438
30.2460 1.0940 -2.9647 1777576781.2015295
29.3203 0.8461 -2.9703 1777576781.2062435
29.3193 0.8459 -2.9703 1777576782.306127
28.5348 0.7107 -3.0149 1777576782.3123164
28.5348 0.7107 -3.0149 1777576783.3958712
28.0359 0.6255 -3.0239 1777576783.4008274
28.0359 0.6255 -3.0239 1777576784.4887562
27.6484 0.5564 -2.9805 1777576784.5011933
27.6479 0.5563 -2.9806 1777576785.6129982
27.6630 0.5594 -2.9872 1777576785.6202304
27.6628 0.5593 -2.9872 1777576786.7188222
27.4637 0.5202 -2.9899 1777576786.7283666
27.4627 0.5201 -2.9899 1777576787.8338914
26.8929 0.4108 -3.0067 1777576787.8400848
26.8928 0.4107 -3.0067 1777576788.93349
26.1971 0.2812 -2.9820 1777576788.9444487
26.1968 0.2812 -2.9821 1777576790.0552793
25.5913 0.1568 -2.9889 1777576790.0601177
25.5913 0.1568 -2.9889 1777576791.16459
25.0495 0.0717 -3.0556 1777576791.1720238
25.0494 0.0717 -3.0556 1777576792.2547042
24.8208 0.0448 -3.0548 1777576792.2597957
24.8203 0.0447 -3.0549 1777576793.3607762
24.6817 0.0313 -3.0587 1777576793.3657548
24.6816 0.0313 -3.0587 1777576794.483903
24.4781 0.0056 -3.0529 1777576794.4898517
24.4779 0.0056 -3.0529 1777576795.5763123
24.1603 -0.0331 -3.0479 1777576795.5857368
24.1602 -0.0331 -3.0479 1777576796.6971416
23.8752 -0.0721 -3.0201 1777576796.7169766
23.8746 -0.0722 -3.0202 1777576797.8042865
23.7240 -0.0946 -3.0088 1777576797.8102548
23.7240 -0.0946 -3.0088 1777576799.0264473
22.7393 -0.2539 -3.0205 1777576799.032713
22.7388 -0.2539 -3.0206 1777576800.20815
11.1372 1.2702 -3.0215 1777576800.2127843
10.2234 1.0238 -2.8857 1777576800.2198625
10.2234 1.0238 -2.8857 1777576801.4294918
11.0490 1.1235 -2.8857 1777576801.434346
10.7291 1.0275 -2.8334 1777576801.4411888
10.7285 1.0273 -2.8335 1777576802.6116483
11.0314 1.3733 -2.8337 1777576802.6159809
10.3304 1.0760 -3.0100 1777576802.6376226
10.3303 1.0760 -3.0100 1777576803.8094559
10.8759 1.0923 -3.0100 1777576803.813964
10.0911 1.0777 3.0795 1777576803.821496
10.0909 1.0777 3.0795 1777576804.9625416
10.6897 0.8909 3.0795 1777576804.9675758
10.1002 0.9051 3.1215 1777576804.9844418
10.1002 0.9051 3.1215 1777576806.189901
10.5911 0.8799 3.1214 1777576806.1970773
9.5911 0.7147 -2.7022 1777576806.2170484
9.5907 0.7145 -2.7021 1777576807.4529474
10.6726 0.7773 -2.7023 1777576807.4576023
9.6055 0.6291 -3.0546 1777576807.4683473
9.6055 0.6291 -3.0546 1777576808.6933007
10.3694 0.7270 -3.0548 1777576808.700016
9.9043 0.6589 -2.9034 1777576808.7125108
9.9039 0.6588 -2.9033 1777576809.831081
10.3983 1.1578 -2.9036 1777576809.8357563
9.7971 0.9788 -2.9526 1777576809.8437302
9.7968 0.9788 -2.9526 1777576810.9471118
10.1261 1.1745 -2.9527 1777576810.9710371
9.4028 1.0653 -2.8968 1777576810.977814
9.4027 1.0652 -2.8969 1777576812.083516
8.1694 1.9016 -2.8975 1777576812.088858
7.6918 1.7223 -2.9174 1777576812.0961063
7.6913 1.7222 -2.9174 1777576813.1979272
8.0147 1.6181 -2.9173 1777576813.205118
7.8357 1.5676 -2.9653 1777576813.213339
7.8357 1.5676 -2.9653 1777576814.3050618
7.8066 1.4613 -2.9652 1777576814.3096516
7.5272 1.3959 -2.9674 1777576814.338421
7.5269 1.3958 -2.9676 1777576815.46802
7.7118 1.4426 -2.9676 1777576815.472246
7.5640 1.4080 -2.9601 1777576815.4790387
7.5640 1.4080 -2.9601 1777576816.5897274
7.5301 1.4574 -2.9601 1777576816.5940135
7.2723 1.3824 -3.1245 1777576816.6015747
7.2721 1.3824 -3.1247 1777576817.6844456
7.4476 1.2690 -3.1246 1777576817.6885252
7.1621 1.2427 2.8956 1777576817.695101
7.1621 1.2427 2.8956 1777576818.804446
7.2822 1.0078 2.8956 1777576818.8090518
6.8247 1.1351 2.6404 1777576818.8162692
6.8247 1.1351 2.6404 1777576819.9015074
7.1109 0.8007 2.6404 1777576819.9058452
7.1603 0.7822 2.6374 1777576819.9132698
7.1603 0.7822 2.6374 1777576821.0459435
7.0572 0.7437 2.6375 1777576821.0515227
7.0114 0.7413 2.6087 1777576821.0723844
7.0114 0.7413 2.6087 1777576822.1898887
6.9632 0.7884 2.6087 1777576822.209012
7.0248 0.7957 2.5559 1777576822.216248
7.0247 0.7958 2.5557 1777576823.333563
6.8725 0.7911 2.5557 1777576823.340147
7.1048 0.6330 2.4600 1777576823.3504455
7.1048 0.6330 2.4600 1777576824.5232742
6.8053 0.7018 2.4600 1777576824.5275898
6.5236 0.9097 2.1601 1777576824.53543
6.5236 0.9097 2.1601 1777576825.6740544
6.5688 0.6254 2.1601 1777576825.6802852
6.5127 0.6915 2.1119 1777576825.703608
6.5127 0.6915 2.1119 1777576826.8113215
6.5132 0.6904 2.1140 1777576826.816224
6.5132 0.6904 2.1140 1777576827.9677122
6.5137 0.6879 2.1129 1777576827.9729006
6.5137 0.6879 2.1129 1777576829.062295
6.5151 0.6822 2.1154 1777576829.0681288
6.5151 0.6822 2.1154 1777576830.1550944
6.5225 0.6419 2.1196 1777576830.1601667
6.5225 0.6419 2.1196 1777576831.2456183
6.5211 0.6534 2.1210 1777576831.271184
6.5211 0.6534 2.1210 1777576832.3531268
6.5193 0.6604 2.1235 1777576832.3579342
6.5193 0.6604 2.1235 1777576833.4783945
6.5197 0.6565 2.1289 1777576833.4832504
6.5205 0.6532 2.1307 1777576834.608905
6.5205 0.6536 2.1323 1777576835.7055166
6.5204 0.6536 2.1314 1777576836.790052
6.5205 0.6532 2.1319 1777576837.883837
6.5205 0.6529 2.1318 1777576838.9922414
6.5203 0.6539 2.1316 1777576840.112469
6.5205 0.6533 2.1316 1777576841.2308257
6.5206 0.6523 2.1317 1777576842.4562898
6.5205 0.6529 2.1315 1777576843.5850525
6.5204 0.6537 2.1313 1777576844.712834
6.5282 0.6634 2.0936 1777576845.8042533
6.5293 0.6665 2.0228 1777576846.9639754
6.5293 0.6921 2.0497 1777576848.0638583
6.5313 0.6932 2.0627 1777576849.1516147
6.5306 0.6903 2.0472 1777576850.2377264
6.5219 0.7133 2.0743 1777576851.364235
6.5129 0.7389 2.1194 1777576852.4684734
6.5502 0.7307 2.1008 1777576853.552336
6.5267 0.7104 2.1300 1777576854.6522973
6.5469 0.6982 2.1334 1777576855.8170214
6.5364 0.6971 2.1336 1777576856.8963566
6.5461 0.6906 2.1297 1777576857.979281
6.5469 0.6901 2.1330 1777576859.0749195
6.5463 0.6893 2.1354 1777576860.1602054
6.5467 0.6895 2.1339 1777576861.2426353
6.5488 0.6865 2.1305 1777576862.3488243
6.5500 0.6841 2.1272 1777576863.4322212
6.5449 0.6788 2.1257 1777576864.5172544
6.5538 0.6769 2.1275 1777576865.6001801
6.5659 0.6716 2.1279 1777576866.6766925
6.5667 0.6681 2.1287 1777576867.755778
6.5666 0.6699 2.1289 1777576868.8342798
6.5668 0.6683 2.1290 1777576869.914112
6.5630 0.6721 2.1322 1777576870.996946
6.5801 0.6678 2.1336 1777576872.0845942
6.5842 0.6691 2.1352 1777576873.2059371
6.6034 0.6560 2.1391 1777576874.3002317
6.6302 0.6399 2.1372 1777576875.3815439
6.6291 0.6380 2.1274 1777576876.542099
6.6294 0.6396 2.1266 1777576877.625935
6.6294 0.6396 2.1294 1777576878.7067866
6.6297 0.6406 2.1378 1777576879.8683107
6.6307 0.6386 2.1450 1777576880.9962378
6.6305 0.6398 2.1496 1777576882.0925534
6.6305 0.6393 2.1453 1777576883.2015293
6.6313 0.6401 2.1498 1777576884.3252437
6.6319 0.6399 2.1506 1777576885.4268553
6.6247 0.6323 2.1332 1777576886.5474317
6.6270 0.6329 2.1100 1777576887.6310668
6.6278 0.6393 2.1104 1777576888.7174265
6.6278 0.6393 2.1104 1777576889.8014767
6.7765 0.5705 2.8768 1777576889.8063529
6.7765 0.5705 2.8768 1777576890.8932247
6.7403 0.5575 2.7292 1777576890.9083693
6.7403 0.5575 2.7292 1777576891.9966013
6.7255 0.5752 2.7208 1777576892.0222244
6.7255 0.5752 2.7208 1777576893.1093154
6.7421 0.5738 2.7120 1777576893.1142156
6.7421 0.5738 2.7120 1777576894.197506
6.6899 0.6036 2.7101 1777576894.202558
6.6899 0.6036 2.7101 1777576895.3090122
6.6436 0.6289 2.7089 1777576895.3203297
6.6436 0.6289 2.7089 1777576896.4063783
6.6538 0.6209 2.7169 1777576896.416289
